0 0.4906134265625 0.01569958888888889 0.4421875 0.011646091666666665 0.4388425921875 0.0643415638888889 0.44807870312500003 0.0979218111111111 0.47930555625000004 0.1043004111111111 0.49660879687500004 0.07697530833333333 0.4982986109375 0.04646090555555556 0.4906134265625 0.01569958888888889
0 0.5060995375 0.049444444444444444 0.527777778125 0.09724279722222222 0.5590740734375 0.08695473333333334 0.5607291671875 0.06477366388888889 0.5701388890625 0.056687241666666666 0.5609375 0.014773663888888889 0.5125 0.013497941666666666 0.506203703125 0.024444444444444446 0.5060995375 0.049444444444444444
0 0.36543981406250003 0.054074075000000006 0.3808796296875 0.09893004166666666 0.4043171296875 0.099547325 0.41848379687500004 0.07491769444444445 0.4201851859375 0.04162551388888889 0.4078125 0.010740741666666666 0.371875 0.00979423888888889 0.36554398125 0.029074074999999998 0.36543981406250003 0.054074075000000006
0 0.7277893515625 0.0997325111111111 0.7480324078125 0.11693415555555556 0.7637152781250001 0.10345678888888889 0.7795254625 0.05942386944444445 0.77961805625 0.037201647222222224 0.7734375 0.020370369444444442 0.7515625 0.01979423888888889 0.7248148140625 0.06353909444444444 0.7277893515625 0.0997325111111111
0 0.6468634265625 0.01981481388888889 0.6420254625 0.05580246944444445 0.6559375000000001 0.09228395 0.684027778125 0.101358025 0.6967013890625 0.06002057499999999 0.7 0.01843621388888889 0.6468634265625 0.01981481388888889
0 0.25 0.006584361111111111 0.2265393515625 0.011522633333333334 0.226365740625 0.053189299999999995 0.2542824078125 0.10393004166666665 0.2777893515625 0.08788065833333333 0.27804398125 0.02676954722222222 0.26554398125 0.026440330555555554 0.25 0.006584361111111111
0 0.31211805625 0.09989711944444445 0.334027778125 0.09213991666666667 0.341921296875 0.07290123333333334 0.34203703750000003 0.04512345555555556 0.325 0.008559669444444445 0.29375 0.007736625 0.29659722187500004 0.07448559722222223 0.31211805625 0.09989711944444445
0 0.490354553125 1 0.4927893515625 0.9936419750000001 0.49296296249999993 0.9519753083333333 0.47739583281250003 0.9376748972222223 0.45864583281250004 0.9371810694444443 0.43822916718749994 0.9616460916666666 0.43933745625 1 0.490354553125 1
0 0.5857175921875 0.06820987777777777 0.596527778125 0.09905349722222222 0.619965278125 0.09967078055555556 0.6325810187500001 0.07222222222222222 0.6359375 0.01674897222222222 0.6 0.015802469444444443 0.5873611109375 0.048806583333333334 0.5857175921875 0.06820987777777777
0 0.77163039375 1 0.7709606484375 0.9898559666666666 0.74304398125 0.939115225 0.7274074078125 0.9414814805555556 0.7179513890625 0.9606790111111111 0.714722221875 0.9855967083333333 0.719770340625 1 0.77163039375 1
0 0.32289351875 0.13907407500000002 0.30883101874999996 0.13870370277777777 0.2884375 0.15761316944444445 0.288321759375 0.1853909472222222 0.31006944375 0.21652263333333335 0.32413194375 0.21689300277777776 0.3382754625 0.19781893055555555 0.3415393515625 0.16456790000000002 0.32289351875 0.13907407500000002
0 0.2741310921875 1 0.275740740625 0.9545884777777778 0.26804398125 0.926604938888889 0.2492824078125 0.9288888888888889 0.2414004625 0.9453497944444444 0.22718750000000001 0.9810905361111111 0.22710871093749999 1 0.2741310921875 1
0 0.621365740625 0.13860082222222223 0.6010416671875001 0.14084362222222221 0.593171296875 0.15452675 0.5914583328125 0.1905967083333333 0.5991898140624999 0.2102469138888889 0.6194791671875 0.2163374472222222 0.6383333328125 0.191831275 0.6369097218750001 0.1584567888888889 0.621365740625 0.13860082222222223
0 0.56137621875 1 0.5631018515624999 0.9954938277777777 0.5631944437499999 0.9732716055555555 0.5242245375000001 0.950020575 0.5101273140625 0.9579835388888889 0.5074602703125 1 0.56137621875 1
0 0.7696412031250001 0.18139917777777775 0.7603356484375 0.16448559722222222 0.7479166671875 0.14471193333333335 0.7354166671875 0.14438271666666666 0.7275231484375 0.1636214 0.7258333328125001 0.19413580277777778 0.7366087968749999 0.23331275833333334 0.745972221875 0.23633744722222222 0.7507175921875 0.22257201666666668 0.7616666671875 0.22008230555555555 0.7696412031250001 0.18139917777777775
0 0.5559606484375 0.8341769555555555 0.52475694375 0.8222427972222223 0.5184375 0.8387448555555556 0.5167476859375 0.8692592583333334 0.52289351875 0.8944238694444444 0.5337731484375 0.9086008222222222 0.5462731484375001 0.9089300416666666 0.5573495375 0.875884775 0.5559606484375 0.8341769555555555
0 0.7026465843749999 1 0.6930324078125001 0.9405761305555557 0.67273148125 0.9372633749999999 0.6585763890624999 0.9591152249999999 0.656909721875 0.984074075 0.6612900828125 1 0.7026465843749999 1
0 0.34450923125 1 0.346053240625 0.9564403305555556 0.3398726859375 0.9396090527777777 0.3195601859375 0.939074075 0.302303240625 0.9552880666666667 0.302116940625 1 0.34450923125 1
0 0.38694444375 0.14353909444444443 0.3713425921875 0.13757201666666666 0.358784721875 0.1511316861111111 0.35402777812499997 0.16767489722222223 0.36788194375 0.21804526666666668 0.38349537031250003 0.22123456666666666 0.3976388890625 0.20216049444444445 0.40084490781250004 0.18279835277777778 0.38694444375 0.14353909444444443
0 0.234178240625 0.8034773666666666 0.21841435156250003 0.8363991777777777 0.2182754625 0.869732511111111 0.23076388906249998 0.8728395055555556 0.2604976859375 0.8625102888888889 0.2668865734375 0.8293415638888889 0.25916666718750003 0.8069135805555555 0.234178240625 0.8034773666666666
0 0.6344394203125 1 0.63351851875 0.9723456777777778 0.6179976859375 0.9469341555555556 0.6023958328125001 0.9409670777777778 0.5913657406249999 0.9629012333333334 0.5923696734375 1 0.6344394203125 1
0 0.53070601875 0.144547325 0.5165393515625001 0.16917695555555554 0.5148495375000001 0.19969135833333335 0.5241319437499999 0.22216049444444444 0.5444328703125 0.22547325000000001 0.5586226859375001 0.19528806666666665 0.5432175921875 0.14209876666666665 0.53070601875 0.144547325
0 0.457615740625 0.8093621388888889 0.443472221875 0.8284362138888889 0.4417708328125 0.8617283944444444 0.44949074062500005 0.8841563777777778 0.46351851875000005 0.8928600833333332 0.47918981406250005 0.8821604944444446 0.4779050921875 0.8154526750000001 0.457615740625 0.8093621388888889
0 0.4431134265625 0.16446501944444444 0.4460648140625 0.20621399166666668 0.45695601874999997 0.21761316944444442 0.48042824062499995 0.20989711944444445 0.48069444375000003 0.14600823055555556 0.45416666718750004 0.13697530833333332 0.4431134265625 0.16446501944444444
0 0.69633101875 0.1489094638888889 0.6822916671875 0.1429835388888889 0.6603356484375 0.16185185277777778 0.6570601859375 0.19788065833333335 0.6632523140625 0.21193415555555556 0.6835300921874999 0.22080246944444445 0.6929513890625 0.20993827222222222 0.700902778125 0.1768107 0.69633101875 0.1489094638888889
0 0.41458228906250005 1 0.41462962968749995 0.9999176944444444 0.41478009218749995 0.9638065833333334 0.3992476859375 0.9411728388888889 0.3710416671875 0.9598765444444445 0.3695455671875 1 0.41458228906250005 1
0 0.2711921296875 0.17104938333333333 0.2478356484375 0.15098765555555554 0.23376157343749998 0.15339506111111112 0.2289583328125 0.18104938333333334 0.23820601875 0.21185185277777777 0.2490856484375 0.22602880555555555 0.2615856484375 0.226358025 0.2742129625 0.1961316861111111 0.2711921296875 0.17104938333333333
0 0.3715856484375 0.8293209888888889 0.37600694375 0.8933333333333334 0.39945601875 0.8911728388888889 0.4089004625 0.8747530861111111 0.407546296875 0.8247119333333334 0.38258101875 0.8157201638888889 0.3715856484375 0.8293209888888889
0 0.6122800921875 0.8189917694444445 0.593483796875 0.8296090527777779 0.5901851859375 0.8711934166666667 0.5948263890625001 0.8824279833333334 0.6150694437500001 0.8996296305555556 0.6291898140625001 0.8861111111111111 0.626296296875 0.83047325 0.6122800921875 0.8189917694444445
0 0.6981944437500001 0.8268107 0.67631944375 0.8262345666666666 0.6684490734375 0.8399176944444444 0.6698611109375 0.8760699583333332 0.680740740625 0.8902469138888888 0.711990740625 0.8910699583333334 0.7120949078125001 0.8660699583333333 0.6981944437500001 0.8268107
0 0.3028240734375 0.8302880666666667 0.3011111109375 0.866358025 0.307303240625 0.8804115222222222 0.3370023140625 0.8784156388888889 0.3372800921875 0.8117489722222222 0.3154166671875 0.8083950611111111 0.3028240734375 0.8302880666666667
0 0.7576041671875 0.8200411527777778 0.734097221875 0.8360905361111111 0.733946759375 0.8722016472222223 0.7432523140625 0.889115225 0.768240740625 0.8925514416666667 0.7745254625 0.8843827166666666 0.7746412031250001 0.8566049388888888 0.7576041671875 0.8200411527777778