0 0.7675115734375 0.6823662555555555 0.75664351875 0.6655555555555556 0.73944444375 0.6681069972222222 0.7331481484375 0.6791358027777777 0.7345138890625 0.7263785999999999 0.7469791671875 0.7348765444444445 0.7688888890625 0.7268312750000001 0.7721296296875 0.6990946499999999 0.7675115734375 0.6823662555555555
0 0.23263888906250002 0.7947736638888888 0.22164351875000002 0.8085185194444444 0.21987268593749998 0.8584979416666667 0.2479976859375 0.8588683138888888 0.25743055625 0.8451028805555555 0.25758101875 0.8089917694444444 0.24826388906250002 0.794979425 0.23263888906250002 0.7947736638888888
0 0.5432175921875 0.13493827222222224 0.5307175921875 0.1347736638888889 0.518159721875 0.1484979416666667 0.5164004624999999 0.1956995888888889 0.5225925921875 0.20967078055555557 0.54133101875 0.2126954722222222 0.5538888890625 0.19897119444444447 0.552546296875 0.14617283888888888 0.5432175921875 0.13493827222222224
0 0.3015509265625 0.006748972222222222 0.29967592656250003 0.08172839444444445 0.323090278125 0.08759259166666666 0.3371990734375 0.07666666666666667 0.342071759375 0.03228395 0.3249884265625 0.0070576138888888895 0.3015509265625 0.006748972222222222
0 0.628125 0.008271605555555554 0.5937268515625 0.013374486111111111 0.58586805625 0.024382716666666665 0.5856828703125 0.06882716111111112 0.6027893515625 0.08849794166666668 0.6231365734375001 0.0804321 0.62945601875 0.06384773611111111 0.628125 0.008271605555555554
0 0.407534721875 0.822078188888889 0.39664351875000003 0.8108230444444444 0.37788194375 0.8133539083333333 0.371597221875 0.821604938888889 0.37137731406249996 0.8743827166666667 0.37759259218749996 0.8827983527777779 0.39321759218749996 0.8830041138888889 0.40576388906250005 0.8720576138888889 0.407534721875 0.822078188888889
0 0.441909721875 0.0724897111111111 0.44810185156250004 0.08646090555555555 0.46211805625 0.09775720277777779 0.4856018515625 0.08695473333333334 0.4935300921875 0.059279836111111116 0.487465278125 0.014753086111111112 0.4796875 0.006316872222222223 0.4484375 0.00590535 0.443715278125 0.014176955555555554 0.441909721875 0.0724897111111111
0 0.6810416671875 0.8090123444444444 0.670034721875 0.8255349805555555 0.6729976859375 0.8644650194444444 0.6932523140625 0.8786214 0.7042129625 0.8732098777777777 0.7074305562500001 0.8510288055555555 0.6935416671875 0.8091769555555555 0.6810416671875 0.8090123444444444
0 0.7033168671875 1 0.7007638890625 0.9509465027777777 0.6899421296875 0.9230246916666667 0.6696296296875001 0.9227572027777777 0.6601736109375 0.9420781888888888 0.656921296875 0.9725925916666667 0.6677546296875 0.9977366249999999 0.6769819796875 1 0.7033168671875 1
0 0.70133101875 0.8148353916666666 0.67008101875 0.8144238694444444 0.668321759375 0.8616255138888889 0.6838888890625 0.8757201638888888 0.7026388890625 0.8759670777777777 0.7073611109375 0.8676954722222222 0.7074768515625001 0.8399176944444444 0.70133101875 0.8148353916666666
0 0.38226851875 0.13559670833333334 0.36195601875 0.13532921944444445 0.3616898140625 0.19921810833333334 0.38195601875 0.21059670833333333 0.3976504625 0.19413580277777778 0.3978009265625 0.15802469166666666 0.391597221875 0.146831275 0.38226851875 0.13559670833333334
0 0.47582175937500004 0.9340946499999999 0.4445601859375 0.9364609055555555 0.43826388906249997 0.9474897111111111 0.43805555625 0.9974897111111111 0.4880671296875 0.9953703694444443 0.48976851874999994 0.9620576138888889 0.48516203750000003 0.9425514416666666 0.47582175937500004 0.9340946499999999
0 0.5232060187500001 1 0.5630671296875 0.996358025 0.5632175921875 0.9602469138888889 0.5430671296875 0.9210905361111111 0.5149421296875001 0.9207201638888888 0.5148611109375001 0.9401646083333333 0.5085763890624999 0.9484156388888888 0.5098881109375 1 0.5232060187500001 1
0 0.769313271875 1 0.7694212968749999 0.9740740750000001 0.7508680562500001 0.926604938888889 0.7274305562500001 0.9262962972222222 0.7211458328125 0.9345473249999999 0.7178009265624999 0.9872839499999999 0.7262561187500001 1 0.769313271875 1
0 0.632947409375 1 0.6303935187499999 0.9639094638888889 0.6179745375000001 0.9443004111111111 0.594490740625 0.9551028805555556 0.5912268515625 0.9883950611111112 0.595509203125 1 0.632947409375 1
0 0.6318057265625 1 0.6319907406249999 0.9555967083333333 0.6257986109375 0.9416255138888889 0.5961111109375 0.9412345666666667 0.5898263890625 0.9494855972222223 0.5896296296875 0.9967078194444444 0.612344428125 1 0.6318057265625 1
0 0.47909722187500003 0.14798353888888888 0.46666666718750005 0.1311522638888889 0.45104166718750005 0.13094650277777778 0.44319444375000006 0.13917695555555556 0.44299768593750005 0.18639917777777776 0.45696759218749994 0.20880658333333335 0.47103009218749997 0.20899176944444445 0.48363425937500004 0.18415637777777777 0.47909722187500003 0.14798353888888888
0 0.546608796875 0.8211316861111112 0.521597221875 0.8235802472222221 0.5198263890625 0.8735596694444444 0.5337962968750001 0.8959670777777778 0.544733796875 0.8961111111111112 0.5573726859375 0.8629423861111112 0.5574768515625 0.8379423861111112 0.546608796875 0.8211316861111112
0 0.7311921296875 0.02351851944444444 0.7249768515625 0.015102880555555556 0.73118055625 0.02629629722222222 0.7248726859375 0.04010288055555555 0.7247106484375 0.07899176944444444 0.7293518515625 0.09016460833333334 0.73711805625 0.1013786 0.75274305625 0.1015843611111111 0.76375 0.08506172777777778 0.7701041671875 0.06014403333333334 0.7702893515625 0.01569958888888889 0.7562268515625 0.015514402777777778 0.7530671296875 0.023806583333333336 0.7452893515625 0.015370369444444445 0.7421296296875 0.023662552777777776 0.7351331015625 0.015236625000000002 0.7311921296875 0.02351851944444444
0 0.3138888890625 0.7958436222222223 0.30288194375 0.8123662555555555 0.30109953749999996 0.8651234555555555 0.30576388906249996 0.8707407416666666 0.3307638890625 0.8710699583333334 0.34493055625 0.8462551444444445 0.33888888906250003 0.7961728388888889 0.3138888890625 0.7958436222222223
0 0.2694791671875 0.20355966944444445 0.269652778125 0.16189300277777777 0.254097221875 0.145020575 0.23534722187499998 0.14477366388888888 0.23064814843749998 0.14748971111111112 0.230509259375 0.18082304444444444 0.2351388890625 0.1947736638888889 0.250659721875 0.219979425 0.260046296875 0.21732510277777778 0.2694791671875 0.20355966944444445
0 0.5457754625 0.2710905361111111 0.5192129624999999 0.2707407416666667 0.51899305625 0.32351851944444443 0.5408449078124999 0.3293621388888889 0.5502546296874999 0.32115226388888884 0.5535300921874999 0.2850823055555556 0.5457754625 0.2710905361111111
0 0.3086111109375 0.9374485583333333 0.3023263890625 0.9456995888888888 0.30210648125 0.9984773666666666 0.3443171296875 0.9934773666666668 0.344490740625 0.9518107 0.3367361109375 0.9378189305555557 0.3086111109375 0.9374485583333333
0 0.24618055625 0.9199588472222222 0.23196759218750002 0.955884775 0.23023148125 0.9975308638888889 0.2708796296875 0.9925102888888888 0.281909721875 0.9704320999999999 0.27905092656249997 0.9065020583333333 0.26342592656249997 0.9062962972222222 0.24618055625 0.9199588472222222
0 0.7306134265625001 0.16240740833333334 0.72883101875 0.21516460833333334 0.75851851875 0.21555555555555553 0.76805555625 0.17679012222222223 0.7634722218750001 0.15172839444444444 0.7384722218750001 0.15139917777777778 0.7306134265625001 0.16240740833333334
0 0.25131944375000004 0.061646091666666666 0.25125000000000003 0.07831275833333333 0.268402778125 0.08687242777777777 0.27320601875 0.05915637777777778 0.2654745375 0.03960905277777778 0.25131944375000004 0.061646091666666666
0 0.31214120312500004 0.09022633611111111 0.3324884265625 0.08216049444444444 0.34038194375 0.06281893055555555 0.3389236109375 0.03779835277777778 0.3171875 0.004176955555555555 0.296875 0.003909463888888889 0.298159721875 0.07059670833333334 0.31214120312500004 0.09022633611111111
0 0.5934490734375 0.08004115277777778 0.613715278125 0.09141975277777778 0.62944444375 0.06662551388888889 0.63125 0.008312758333333333 0.6 0.007901233333333334 0.588946759375 0.035534980555555554 0.5934490734375 0.08004115277777778
0 0.43881944375000004 0.064115225 0.45899305625000003 0.09771605000000001 0.482453703125 0.0924691361111111 0.49664351875 0.062098766666666666 0.4967476859375 0.037098766666666665 0.484375 0.0063786 0.4421875 0.005823044444444445 0.4389583328125 0.03078189166666667 0.43881944375000004 0.064115225
0 0.5246759265625001 0.08469135833333333 0.5449652781250001 0.09051440277777778 0.56381944375 0.06576131666666667 0.5609375 0.007386830555555556 0.5125 0.006748972222222222 0.5107175921875 0.05950617222222222 0.5246759265625001 0.08469135833333333
0 0.3746643515625 0.08549382777777778 0.38555555625000004 0.09674897222222223 0.407465278125 0.08870370277777778 0.412384259375 0.03320987777777778 0.396875 0.005226336111111111 0.3703125 0.004876544444444444 0.3670254625 0.04372428055555556 0.3746643515625 0.08549382777777778
0 0.64975694375 0.06689300277777778 0.6575 0.08366255277777777 0.673090278125 0.09220164722222222 0.690358796875 0.07298353888888888 0.6953125 0.009156377777777778 0.6640625 0.008744855555555556 0.64991898125 0.02800411388888889 0.64975694375 0.06689300277777778
0 0.22949074062500002 0.0502469138888889 0.2513425921875 0.05609053611111111 0.2592013890625 0.045082305555555556 0.25 0.0032921805555555556 0.23125 0.0030452666666666663 0.228078703125 0.014115225 0.22949074062500002 0.0502469138888889
0 0.7278356484375 0.07903292222222222 0.74804398125 0.1043004111111111 0.762152778125 0.09337448611111111 0.7795486109375 0.043600822222222224 0.779641203125 0.0213786 0.775 0.01020576111111111 0.753125 0.009917694444444444 0.7279861109375 0.04292181111111111 0.7278356484375 0.07903292222222222
0 0.6979050921875001 0.13697530833333332 0.6744791671875 0.1338888888888889 0.6619444437500001 0.14205761388888888 0.655659721875 0.15030864166666666 0.6554976859375 0.18919753055555555 0.6679398140624999 0.2032510277777778 0.6898263890624999 0.20076131666666666 0.69774305625 0.1758641972222222 0.6979050921875001 0.13697530833333332
0 0.38523148125 0.9245679 0.3710763890625 0.946604938888889 0.37085648125000004 0.9993827166666667 0.41149305625 0.9971399166666667 0.41177083281250004 0.93047325 0.40712962968750005 0.9193004111111112 0.38523148125 0.9245679
0 0.22638888906250001 0.04465020555555555 0.24805555625000003 0.09493827222222223 0.2620949078125 0.10067901111111112 0.27937500000000004 0.07868312777777778 0.2779976859375 0.03421810833333334 0.25 0.0032921805555555556 0.23125 0.0030452666666666663 0.226516203125 0.014094650000000002 0.22638888906250001 0.04465020555555555
0 0.296296296875 0.14279835277777778 0.294652778125 0.1622222222222222 0.3054398140625 0.19847736666666668 0.3226041671875 0.20425925833333333 0.3321296296875 0.16827160555555556 0.31194444374999997 0.13744855833333333 0.296296296875 0.14279835277777778
0 0.543240740625 0.8794238694444445 0.5479166671875 0.8822633750000001 0.55585648125 0.8518107 0.5527893515625 0.8378806583333334 0.5449652781250001 0.8405555555555556 0.543240740625 0.8794238694444445
0 0.45248842656250005 0.5337654333333333 0.4383449078125 0.5530246916666667 0.442847221875 0.5975308638888889 0.45531249999999995 0.6060288055555555 0.47414351874999994 0.586831275 0.47582175937500004 0.5590740750000001 0.46341435156250005 0.5366872416666666 0.45248842656250005 0.5337654333333333
0 0.62008101875 0.8137654333333333 0.6013310187500001 0.8135185194444444 0.5903125 0.8328189305555556 0.590196759375 0.8605967083333333 0.5979398140625001 0.8773662555555556 0.61195601875 0.8886625527777778 0.6291898140625001 0.8777777777777778 0.6309027781250001 0.8416872416666666 0.62008101875 0.8137654333333333