0 0.7703125 0.6823662555555555 0.759375 0.6655555555555556 0.74375 0.6681275722222222 0.7375 0.6763786 0.7375 0.7263785999999999 0.75 0.7348765444444445 0.771875 0.7268312750000001 0.775 0.6990946499999999 0.7703125 0.6823662555555555
0 0.2359375 0.7947736638888888 0.225 0.8085185194444444 0.2234375 0.8584979416666667 0.2515625 0.8588683138888888 0.2609375 0.8451028805555555 0.2609375 0.8089917694444444 0.2515625 0.794979425 0.2359375 0.7947736638888888
0 0.325 0.0070576138888888895 0.3 0.012283949999999998 0.3 0.07895061666666667 0.3125 0.08744855833333333 0.334375 0.08218106944444445 0.3421875 0.06006172777777778 0.3421875 0.03228395 0.325 0.0070576138888888895
0 0.628125 0.013827161111111111 0.59375 0.013374486111111111 0.5859375 0.024382716666666665 0.5875 0.07162551388888888 0.6 0.08845678888888889 0.621875 0.08596707777777778 0.6296875 0.06662551388888889 0.628125 0.013827161111111111
0 0.5484375 0.13777777777777778 0.53125 0.1347736638888889 0.51875 0.1484979416666667 0.5171875 0.1956995888888889 0.5234375 0.20967078055555557 0.5421875 0.2126954722222222 0.5546875 0.19897119444444447 0.5546875 0.14897119444444445 0.5484375 0.13777777777777778
0 0.4109375 0.822078188888889 0.4 0.8108230444444444 0.38125 0.8133539083333333 0.375 0.821604938888889 0.375 0.8743827166666667 0.38125 0.8827983527777779 0.396875 0.8830041138888889 0.409375 0.8720576138888889 0.4109375 0.822078188888889
0 0.6796875 0.8089506166666667 0.6734375 0.8172016472222222 0.675 0.8644444444444445 0.6875 0.8757201638888888 0.7078125 0.8732098777777777 0.7109375 0.8371399166666667 0.7046875 0.8148353916666666 0.6796875 0.8089506166666667
0 0.4796875 0.9340946499999999 0.45 0.9364814805555556 0.4421875 0.9474897111111111 0.4421875 0.9974897111111111 0.4921875 0.9953703694444443 0.49375 0.959279836111111 0.4890625 0.9425514416666666 0.4796875 0.9340946499999999
0 0.4859375 0.011954733333333332 0.44375 0.011399177777777776 0.44375 0.08084362222222222 0.45625 0.09489711944444444 0.471875 0.09788065833333334 0.4921875 0.07314814722222222 0.49375 0.048168725 0.4859375 0.011954733333333332
0 0.3984375 0.15802469166666666 0.390625 0.14403292222222222 0.3828125 0.13559670833333334 0.3625 0.13532921944444445 0.35625 0.146358025 0.35625 0.1880246916666667 0.3625 0.19921810833333334 0.3796875 0.21055555555555555 0.3984375 0.19413580277777778 0.3984375 0.15802469166666666
0 0.3359375 0.1460905361111111 0.3265625 0.1320781888888889 0.3015625 0.13174897222222223 0.296875 0.1372427972222222 0.3 0.18172839444444447 0.3125 0.20967078055555557 0.328125 0.20987654444444442 0.340625 0.17393004166666667 0.3359375 0.1460905361111111
0 0.635854078125 1 0.634375 0.950020575 0.625 0.9387860083333334 0.6046875 0.9385185194444444 0.59375 0.9494855972222223 0.59375 0.9967078194444444 0.61647726875 1 0.635854078125 1
0 0.55 0.8211316861111112 0.525 0.8263580249999999 0.5234375 0.8735596694444444 0.5375 0.8959670777777778 0.5484375 0.8961111111111112 0.5609375 0.8629423861111112 0.5609375 0.8379423861111112 0.55 0.8211316861111112
0 0.52734375 1 0.5671875 0.996358025 0.5671875 0.9546913583333334 0.546875 0.9210905361111111 0.51875 0.9234979416666665 0.51875 0.9401646083333333 0.5125 0.9484156388888888 0.5140265734375 1 0.52734375 1
0 0.7734375 1 0.7734375 0.9740740750000001 0.7546875 0.926604938888889 0.73125 0.9262962972222222 0.725 0.9345473249999999 0.721875 0.9872839499999999 0.7303827093749999 1 0.7734375 1
0 0.7296875 0.026275719444444443 0.725 0.03732510277777778 0.725 0.07899176944444444 0.7375 0.1013786 0.7546875 0.1016049388888889 0.7671875 0.079547325 0.76875 0.01567901111111111 0.75625 0.015514402777777778 0.7484375 0.02652263333333333 0.7421875 0.023662552777777776 0.74375 0.015349794444444445 0.725 0.015102880555555556 0.7296875 0.026275719444444443
0 0.3125 0.9374485583333333 0.30625 0.9456995888888888 0.30625 0.9984773666666666 0.3484375 0.9934773666666668 0.3484375 0.9518107 0.340625 0.9378189305555557 0.3125 0.9374485583333333
0 0.7640625 0.6739506166666667 0.75 0.6682098777777777 0.7359375 0.6846913583333334 0.734375 0.7124485583333333 0.7421875 0.7319958861111112 0.753125 0.7376954722222223 0.778125 0.7241358027777778 0.778125 0.7046913583333333 0.7640625 0.6739506166666667
0 0.2546875 0.8005761305555555 0.2390625 0.7975925916666666 0.2296875 0.811358025 0.2203125 0.8362345666666666 0.2265625 0.8668724277777777 0.25625 0.8589300416666666 0.2625 0.8451234555555556 0.2625 0.8145679 0.2546875 0.8005761305555555
0 0.5875 0.05773662499999999 0.5953125 0.08283950555555555 0.621875 0.0831893 0.628125 0.04438271666666667 0.625 0.008230452777777777 0.603125 0.007942386111111113 0.590625 0.03277777777777778 0.5875 0.05773662499999999
0 0.3765625 0.8244032916666667 0.378125 0.879979425 0.3921875 0.885720163888889 0.4109375 0.8665226333333333 0.4140625 0.8443415638888889 0.403125 0.8164197527777778 0.3765625 0.8244032916666667
0 0.325 0.8015020583333334 0.3140625 0.8069135805555555 0.3046875 0.8373456777777777 0.3046875 0.8679012333333332 0.3109375 0.8763168722222221 0.3359375 0.8710905361111112 0.34375 0.8517489722222222 0.340625 0.8128189305555557 0.325 0.8015020583333334
0 0.6984375 0.8091975305555555 0.68125 0.8089711944444444 0.6734375 0.8227572027777778 0.671875 0.8588477361111111 0.6796875 0.8728395055555556 0.7015625 0.8814609055555555 0.7109375 0.87047325 0.7125 0.8510493833333332 0.6984375 0.8091975305555555
0 0.49166473125000004 1 0.496875 0.9815432111111111 0.4921875 0.9537037027777777 0.4734375 0.9312345666666666 0.4546875 0.9337654333333333 0.440625 0.9669135805555555 0.44491254218750004 1 0.49166473125000004 1
0 0.6390625 1 0.6390625 0.96952675 0.63125 0.9472016472222222 0.6109375 0.9386008222222222 0.5953125 0.9578395055555556 0.59679401875 1 0.6390625 1
0 0.534375 0.8209259250000001 0.5234375 0.8402263361111111 0.521875 0.8624279833333333 0.53125 0.8875514416666668 0.553125 0.8933950611111112 0.559375 0.8379218111111112 0.546875 0.8210905361111112 0.534375 0.8209259250000001
0 0.5565913734375 1 0.565625 0.999115225 0.565625 0.9685596694444445 0.5515625 0.9378189305555557 0.53125 0.9375514416666667 0.5140625 0.9623251027777777 0.5154746109375 1 0.5565913734375 1
0 0.7089866578125 1 0.70625 0.9537448555555555 0.69375 0.9230246916666667 0.6734375 0.9227572027777777 0.6609375 0.9503703694444444 0.6609375 0.9753703694444444 0.673171759375 1 0.7089866578125 1
0 0.77546463125 1 0.7765625 0.9824485583333333 0.75625 0.9321810694444446 0.7359375 0.926358025 0.7203125 0.9511522638888888 0.71875 0.976131686111111 0.7291325703125 1 0.77546463125 1
0 0.7515625 0.009897119444444444 0.725 0.04843621388888889 0.7265625 0.07901234444444445 0.7359375 0.09858024722222222 0.75625 0.1016255138888889 0.778125 0.051913580555555554 0.778125 0.015802469444444443 0.7515625 0.009897119444444444
0 0.6578125 0.08366255277777777 0.684375 0.08679012222222222 0.6953125 0.009156377777777778 0.6625 0.008724280555555556 0.65 0.03633744722222222 0.6578125 0.08366255277777777
0 0.4546875 0.5337654333333333 0.440625 0.5502469138888889 0.4421875 0.5947119333333333 0.4625 0.6060905361111111 0.4765625 0.5896090527777778 0.4796875 0.5618724277777778 0.4703125 0.5395267499999999 0.4546875 0.5337654333333333
0 0.41664081875000003 1 0.41875 0.9944032916666666 0.41875 0.9638477361111111 0.409375 0.9442798361111111 0.384375 0.9411728388888889 0.375 0.9604938277777778 0.37351778593749996 1 0.41664081875000003 1
0 0.621875 0.8137448555555555 0.6078125 0.8135596694444445 0.5953125 0.8300617277777778 0.5953125 0.8633950611111112 0.6015625 0.8745884777777778 0.61875 0.8887037027777778 0.63125 0.8777572027777778 0.6328125 0.8416666666666667 0.621875 0.8137448555555555
0 0.5203125 0.2901851861111111 0.51875 0.3151646083333333 0.5328125 0.34312757222222223 0.5546875 0.32952675000000003 0.55625 0.2934362138888889 0.54375 0.2738271611111111 0.5203125 0.2901851861111111
0 0.234499671875 1 0.278125 0.9925514416666666 0.2796875 0.937016461111111 0.2671875 0.9201851861111111 0.253125 0.9227777777777777 0.2328125 0.9725102888888889 0.2328125 1 0.234499671875 1
0 0.7 0.1369958861111111 0.6828125 0.13399176944444444 0.659375 0.15590535 0.659375 0.18923868333333335 0.671875 0.20884773611111113 0.6859375 0.20903292222222222 0.7 0.175884775 0.7015625 0.14812757222222223 0.7 0.1369958861111111
0 0.7359375 0.21802469166666666 0.7484375 0.22374485555555554 0.7625 0.21004115277777777 0.7625 0.15448559722222222 0.734375 0.1680041138888889 0.7359375 0.21802469166666666
0 0.347030090625 1 0.35 0.9657201638888889 0.340625 0.9405967083333334 0.3234375 0.934814813888889 0.3078125 0.9540534972222221 0.3062915484375 1 0.347030090625 1
0 0.7671875 0.15454732499999999 0.7375 0.15415637777777777 0.7296875 0.16516460833333335 0.7296875 0.21516460833333334 0.75625 0.21551440277777775 0.75625 0.20162551388888889 0.7671875 0.19065843611111113 0.7671875 0.15454732499999999
0 0.3140625 0.7958024694444443 0.30625 0.8095884777777778 0.30625 0.867921811111111 0.3359375 0.8683127583333334 0.3484375 0.8462551444444445 0.340625 0.7961522638888889 0.3140625 0.7958024694444443
0 0.2359375 0.955884775 0.234375 0.9975308638888889 0.275 0.9925102888888888 0.2859375 0.9732098777777777 0.2859375 0.906543211111111 0.25625 0.9117078194444445 0.2359375 0.955884775
0 0.2734375 0.1674897111111111 0.26875 0.15909465 0.2546875 0.145020575 0.2359375 0.14477366388888888 0.23125 0.14748971111111112 0.23125 0.18082304444444444 0.24375 0.20876543333333333 0.2578125 0.22006172777777777 0.2734375 0.20360082222222223 0.2734375 0.1674897111111111
0 0.696875 0.13417695555555556 0.6625 0.14205761388888888 0.65625 0.15030864166666666 0.65625 0.18919753055555555 0.671875 0.20329218055555556 0.690625 0.20076131666666666 0.6984375 0.1758641972222222 0.696875 0.13417695555555556
0 0.546875 0.2710905361111111 0.51875 0.2707201638888889 0.51875 0.32627571944444445 0.5234375 0.33467078055555555 0.55 0.33779835277777776 0.5546875 0.2850823055555556 0.546875 0.2710905361111111
0 0.4796875 0.14798353888888888 0.4671875 0.1311522638888889 0.4515625 0.13094650277777778 0.44375 0.13917695555555556 0.44375 0.18917695555555553 0.45625 0.20878600833333336 0.4734375 0.20901234444444444 0.484375 0.18415637777777777 0.4796875 0.14798353888888888
0 0.6234375 0.8137654333333333 0.6 0.813456788888889 0.5921875 0.8244650194444445 0.59375 0.8633744861111111 0.6171875 0.88590535 0.634375 0.875020575 0.6296875 0.8249588472222222 0.6234375 0.8137654333333333
0 0.3890625 0.9245679 0.375 0.946604938888889 0.375 0.9993827166666667 0.415625 0.9971399166666667 0.415625 0.93047325 0.4109375 0.9193004111111112 0.3890625 0.9245679
0 0.2265625 0.04742798333333333 0.25 0.097736625 0.2625 0.10067901111111112 0.2796875 0.07868312777777778 0.2796875 0.03423868333333334 0.25 0.0032921805555555556 0.23125 0.0030452666666666663 0.2265625 0.014094650000000002 0.2265625 0.04742798333333333
0 0.36875 0.0631893 0.375 0.08271605 0.3875 0.09676954722222222 0.40625 0.08868312777777777 0.4140625 0.0665637861111111 0.4125 0.03320987777777778 0.396875 0.005226336111111111 0.3734375 0.004917694444444444 0.36875 0.015967077777777776 0.36875 0.0631893
0 0.321875 0.09312757222222222 0.340625 0.06559670833333334 0.340625 0.029485597222222222 0.3140625 0.004135802777777777 0.296875 0.003909463888888889 0.2984375 0.07059670833333334 0.321875 0.09312757222222222
0 0.525 0.08191358055555556 0.55 0.08779835277777777 0.5671875 0.06580246944444444 0.5640625 0.007427983333333333 0.5125 0.006748972222222222 0.5109375 0.05672839444444445 0.525 0.08191358055555556