0 0.296365740625 0.245 0.285358796875 0.2286214 0.266597221875 0.22633744722222224 0.2493518515625 0.2129012333333333 0.2384143515625 0.2131893 0.22601851874999998 0.23851851944444447 0.22769675937499997 0.2662551444444444 0.2607523140625 0.3237242805555555 0.287303240625 0.3202469138888889 0.29966435156250004 0.28658436111111113 0.296365740625 0.245
0 0.2873379625 0.7036214000000001 0.282534721875 0.6759670777777778 0.26527777812500003 0.6597530861111112 0.263715278125 0.6597942388888889 0.2465740734375 0.671358025 0.2342476859375 0.7133539083333333 0.2343634265625 0.7411316861111111 0.2438541671875 0.7686625527777778 0.284328703125 0.7314814805555555 0.2873379625 0.7036214000000001
0 0.2977083328125 0.5672222222222222 0.2975231484375 0.5227777777777778 0.28336805625 0.500925925 0.27477430625 0.5011522638888889 0.2583796296875 0.5043621388888889 0.2460416671875 0.5435802472222222 0.247696759375 0.5657613166666666 0.2587731484375 0.5988065833333334 0.288402778125 0.5841358027777778 0.2977083328125 0.5672222222222222
0 0.3587615734375 0.21835390833333332 0.3257638890625 0.1747736638888889 0.3242013890625 0.1748148138888889 0.31491898125 0.19728394999999999 0.31357638906249996 0.2501028805555556 0.32305555625000004 0.2748559666666667 0.3434143515625 0.2854321 0.358946759375 0.26279835277777774 0.3587615734375 0.21835390833333332
0 0.6308485890625 0 0.620428240625 0.011440330555555555 0.61899305625 0.04203703611111111 0.6268865734375 0.061275719444444446 0.6550231484375 0.06331275833333333 0.6681938749999999 0 0.6308485890625 0
0 0.3302673296875 0 0.3330208328125 0.04123456666666667 0.34562499999999996 0.06590535 0.36124999999999996 0.06549382777777778 0.37366898125 0.04572016388888889 0.37350694375 0.0068312749999999995 0.36957767656249996 0 0.3302673296875 0
0 0.18384259218750001 0.9924897111111111 0.2072800921875 0.9918724277777777 0.20880787031249998 0.9834979416666667 0.21976851874999997 0.9887654333333333 0.222847221875 0.9775720166666667 0.2322106484375 0.9745473250000001 0.2352199078125 0.9466872416666667 0.2210300921875 0.9165020583333333 0.2132175921875 0.9167078194444445 0.2054050921875 0.9169135805555555 0.2054398140625 0.9252469138888889 0.1960879625 0.9310493833333333 0.1961574078125 0.9477160499999999 0.1821875 0.9703086416666666 0.18384259218750001 0.9924897111111111
0 0.7092824078125 0.33413580277777777 0.702928240625 0.3093004111111111 0.68570601875 0.30141975277777777 0.67476851875 0.3017078194444444 0.666990740625 0.3102469138888889 0.662453703125 0.34648148055555555 0.670358796875 0.36849794166666666 0.68133101875 0.3765432111111111 0.6938078703125 0.3706584361111111 0.7092824078125 0.33413580277777777
0 0.22837962968749997 0.8051851861111111 0.2189120375 0.7832098777777777 0.2095370375 0.7834567888888889 0.2079629625 0.7807201638888889 0.1955208328125 0.7949382722222222 0.1847106484375 0.8257818916666666 0.1879398140625 0.8506995888888889 0.20047453750000002 0.8587037027777777 0.22697916718750002 0.844115225 0.22837962968749997 0.8051851861111111
0 0.2909143515625 0.43683127499999996 0.2939351859375 0.4117489722222222 0.28444444375 0.38421810833333336 0.2734953703125 0.38172839444444445 0.271921296875 0.37899176944444446 0.2547800921875 0.39055555555555554 0.24858796249999998 0.40460905277777776 0.24865740781249998 0.4212757194444444 0.258125 0.44325102777777775 0.28159722187499997 0.4509670777777778 0.2909143515625 0.43683127499999996
0 0.5970833328125 0.4093209888888889 0.5938541671875 0.3844032916666667 0.5781828703125 0.37370370277777776 0.5656828703125 0.3740329222222222 0.5564120375 0.3992798361111112 0.55649305625 0.4187242805555556 0.5643981484375 0.44074074166666666 0.5738078703125 0.4488271611111111 0.5925115734374999 0.43722222222222223 0.5970833328125 0.4093209888888889
0 0.29570601875 0.8367489722222222 0.294016203125 0.8062345666666666 0.28144675937499997 0.7898971194444444 0.270509259375 0.790185186111111 0.26274305625 0.8015020583333334 0.2535300921875 0.8406378611111112 0.2551620375 0.857263375 0.261446759375 0.8654321 0.2864120375 0.8564403305555555 0.29570601875 0.8367489722222222
0 0.6616898140624999 0.16314814722222223 0.6662152781249999 0.12413580277777779 0.6598958328125 0.10763374444444444 0.6520833328125 0.10783950555555555 0.6380324078124999 0.11098765555555556 0.6256134265625 0.13076131666666668 0.625740740625 0.16131687222222224 0.6336226859375 0.17777777777777778 0.6508217593750001 0.18010288055555554 0.6616898140624999 0.16314814722222223
0 0.7398958328125 0.18053498055555556 0.7476041671875 0.15532921944444444 0.7475231484375 0.135884775 0.7412268515625 0.12493827222222223 0.7318518515625 0.12518518611111112 0.7131365734374999 0.13401234444444446 0.7054050921874999 0.1536625527777778 0.7070833328125 0.18139917777777775 0.7165162031250001 0.19504115277777778 0.7290277781250001 0.1974897111111111 0.7398958328125 0.18053498055555556
0 0.4365740734375 0.14129629722222223 0.42083333281249996 0.11393004166666666 0.4067708328125 0.11430041111111111 0.3990856484375 0.1450617277777778 0.3991898140625 0.17006172777777778 0.40864583281250005 0.18925925833333332 0.42739583281250004 0.18876543333333334 0.43668981406249996 0.169074075 0.4365740734375 0.14129629722222223
0 0.2256481484375 0.14962963055555556 0.2021643515625 0.1391358027777778 0.19278935156250002 0.13938271666666668 0.18663194375 0.16176954722222223 0.19771990781249998 0.19759259166666665 0.216527778125 0.21098765555555557 0.2289583328125 0.19399176944444443 0.23196759218750002 0.1661316861111111 0.2256481484375 0.14962963055555556
0 0.274340278125 0.959547325 0.26968749999999997 0.9680041138888889 0.2697800921875 0.990226336111111 0.3010300921875 0.9894032916666666 0.2978125 0.9672633749999999 0.277465278125 0.9594650194444444 0.274340278125 0.959547325