0 0.7675115734375 0.6519341555555556 0.75664351875 0.6355555555555555 0.73944444375 0.6387860083333333 0.7331481484375 0.6500617277777778 0.7345138890625 0.6972427972222223 0.7469791671875 0.7052469138888889 0.7688888890625 0.6963374472222222 0.7721296296875 0.6684773666666667 0.7675115734375 0.6519341555555556
0 0.23420138906250001 0.7854115222222222 0.22164351875000002 0.7996296305555556 0.21987268593749998 0.8496707805555556 0.2479976859375 0.8489300416666667 0.25743055625 0.8347942388888889 0.25758101875 0.7986831277777778 0.24826388906250002 0.7850411527777779 0.23420138906250001 0.7854115222222222
0 0.301705303125 0 0.299965278125 0.0004321 0.2996875 0.06709876666666667 0.31215277812500003 0.07510288055555556 0.3340509265625 0.06897119444444445 0.34195601875000003 0.04654321111111111 0.342071759375 0.018765433333333335 0.3290122453125 0 0.301705303125 0
0 0.586892109375 0 0.58586805625 0.0012345666666666666 0.585671296875 0.048456788888888894 0.6027893515625 0.06467078055555556 0.6215509265625 0.06139917777777778 0.62945601875 0.03897119444444444 0.6296183984375 0 0.586892109375 0
0 0.54789351875 0.11611111111111111 0.5307175921875 0.11378600833333334 0.518159721875 0.12800411388888888 0.5163888890624999 0.17804526666666665 0.5225925921875 0.18899176944444443 0.54133101875 0.19127571944444444 0.5538888890625 0.17705761388888888 0.554097221875 0.1270576138888889 0.54789351875 0.11611111111111111
0 0.407534721875 0.8058436222222222 0.39664351875000003 0.795020575 0.37788194375 0.7982921805555555 0.371597221875 0.8067901222222221 0.37137731406249996 0.8595678999999999 0.37759259218749996 0.8677366249999999 0.39321759218749996 0.8673251027777777 0.40576388906250005 0.8558847749999999 0.407534721875 0.8058436222222222
0 0.70133101875 0.786995886111111 0.67008101875 0.7878189305555556 0.668321759375 0.8350823055555556 0.6838888890625 0.8485596694444444 0.7026388890625 0.8480658444444444 0.7073726859375 0.836831275 0.7074884265625 0.8090534972222222 0.70133101875 0.786995886111111
0 0.44223261562499994 0 0.4389583328125 0.013436213888888889 0.44343750000000004 0.06331275833333333 0.46836805625 0.07932098888888889 0.49190972187500004 0.05370370277777778 0.48780933437499996 0 0.44223261562499994 0
0 0.47582175937500004 0.9151440333333333 0.4445601859375 0.9187448555555556 0.43826388906249997 0.930020575 0.43805555625 0.9800205750000001 0.4880671296875 0.975925925 0.48978009218749996 0.9397736638888888 0.48516203750000003 0.9232304527777777 0.47582175937500004 0.9151440333333333
0 0.3978009265625 0.14228395 0.38226851875 0.12047325 0.36351851874999996 0.12096707777777777 0.355659721875 0.13228395 0.3554629625 0.1795061722222222 0.3679050921875 0.19306584444444444 0.3866550921875 0.19257201666666665 0.3976736109375 0.17283950555555555 0.3978009265625 0.14228395
0 0.6008101859375 0.9146296305555555 0.5898263890625 0.9260288055555554 0.5896296296875 0.9732510277777777 0.63179398125 0.9776954722222222 0.6320023140625 0.9276954722222223 0.6242476859375 0.9140123444444445 0.6008101859375 0.9146296305555555
0 0.54461805625 0.9022222222222223 0.5149305562500001 0.9030041138888889 0.5148611109375001 0.9196707805555555 0.5085763890624999 0.928168725 0.50991898125 0.98090535 0.5630671296875 0.9739506166666667 0.563240740625 0.9322839500000001 0.54461805625 0.9022222222222223
0 0.7274305562500001 0.8974074083333333 0.7211458328125 0.9059053499999999 0.7178009265624999 0.9587654333333333 0.7271180562499999 0.9724074083333333 0.76930555625 0.9712962972222223 0.7694212968749999 0.9435185194444445 0.7508680562500001 0.8967901222222222 0.7274305562500001 0.8974074083333333
0 0.546608796875 0.7994032916666667 0.521597221875 0.8028395055555555 0.5198263890625 0.8528806583333334 0.5337962968750001 0.8747325111111112 0.544733796875 0.8744444444444445 0.5573726859375 0.8407818916666667 0.5574768515625 0.8157818916666667 0.546608796875 0.7994032916666667
0 0.336759259375 0.1688888888888889 0.33533564843749997 0.13559670833333334 0.32290509218749996 0.11925925833333333 0.29631944374999997 0.12551440277777776 0.29305555625 0.15893004166666666 0.303946759375 0.16975308611111112 0.3054398140625 0.18637859999999998 0.31320601875 0.19728394999999999 0.3288425921875 0.19409464999999998 0.336759259375 0.1688888888888889
0 0.3086111109375 0.9251028805555556 0.3023263890625 0.9336008222222222 0.30211805625 0.9836008222222222 0.3443171296875 0.9797119333333334 0.344490740625 0.9380452666666668 0.3367361109375 0.924362138888889 0.3086111109375 0.9251028805555556
0 0.7295043625 0 0.72960648125 0.0002263361111111111 0.7233101859375 0.011502058333333334 0.723171296875 0.04483539166666666 0.73711805625 0.07224279722222222 0.75274305625 0.071831275 0.7668981484375 0.04923868333333334 0.768306609375 0 0.7295043625 0
0 0.27275462968749997 0.15668724166666667 0.265 0.1430041138888889 0.23534722187499998 0.135452675 0.23064814843749998 0.13835390833333333 0.230509259375 0.17168724166666666 0.24289351875 0.1991358027777778 0.258472221875 0.20983539166666665 0.2726041671875 0.1927983527777778 0.27275462968749997 0.15668724166666667
0 0.233553240625 0.9409670777777778 0.23023148125 0.9882716055555556 0.26774305625 0.9845061722222221 0.281909721875 0.9591358027777778 0.28216435156249997 0.8980246916666667 0.25246527812499997 0.9015843611111112 0.233553240625 0.9409670777777778
0 0.3107638890625 0.7833950611111111 0.30289351875000003 0.7974897111111111 0.30109953749999996 0.8530864194444444 0.30576388906249996 0.8585185194444445 0.3323379625 0.8550411527777778 0.34493055625 0.8324897111111111 0.3404513890625 0.7826131694444445 0.3107638890625 0.7833950611111111
0 0.46821759218750003 0.11543210000000001 0.44946759218750004 0.115925925 0.44608796249999993 0.17711934166666665 0.45540509218749997 0.19076131666666668 0.47103009218749997 0.19034979444444444 0.48365740781250005 0.15946501944444444 0.47909722187500003 0.12903292222222223 0.46821759218750003 0.11543210000000001
0 0.55351851875 0.26594650277777776 0.5473263890625 0.25222222222222224 0.5176388890625 0.2530041138888889 0.51743055625 0.30300411388888887 0.5252199078124999 0.3083539083333333 0.5251851859375 0.3166872416666667 0.5486226859375 0.31606995833333335 0.55351851875 0.26594650277777776
0 0.6744791671875 0.10722222222222223 0.6619444437500001 0.115884775 0.6601620375 0.16870370277777777 0.6679398140624999 0.176831275 0.6898263890624999 0.17347736666666666 0.69774305625 0.14827160555555555 0.69789351875 0.11216049444444444 0.6744791671875 0.10722222222222223
0 0.38523148125 0.9091975305555555 0.3710763890625 0.9317901222222221 0.37085648125000004 0.9845678999999999 0.41149305625 0.9807201638888888 0.41177083281250004 0.9140534972222222 0.40868055625000005 0.9058024694444444 0.38523148125 0.9091975305555555
0 0.7384722218750001 0.12220164722222222 0.7274768515625001 0.13637860000000002 0.7272800921875 0.1836008222222222 0.7553935187499999 0.1856378611111111 0.7664467593750001 0.15757201666666668 0.7665856484375 0.12423868333333334 0.7384722218750001 0.12220164722222222
0 0.2331158640625 0 0.226527778125 0.002366255555555556 0.22483796250000002 0.03296296388888889 0.24960648124999998 0.08786008333333332 0.2620949078125 0.09030864166666666 0.27623842656250003 0.07049382777777778 0.2810648140625 0.03703703611111111 0.2748958328125 0.017757202777777776 0.25790286562500003 0 0.2331158640625 0
0 0.5124876046875 0 0.5092013890625 0.028251027777777778 0.5169097218750001 0.05304526666666666 0.5371527781250001 0.06917695555555556 0.559097221875 0.051934155555555556 0.5654861109375 0.01843621388888889 0.5638304453125 0 0.5124876046875 0
0 0.36870953281249996 0 0.36850694375000004 0.048621399999999995 0.3762384265625 0.06786008333333333 0.3980671296875 0.07839506111111111 0.4122106484375 0.05858024722222223 0.41546296250000003 0.027942386111111113 0.40402517812500005 0 0.36870953281249996 0
0 0.4479734984375 0 0.4466898140625 0.03267489722222222 0.454340278125 0.071358025 0.4761921296875 0.07633744722222222 0.4840393515625 0.06779835277777778 0.4936111109375 0.020329219444444446 0.48696788125 0 0.4479734984375 0
0 0.6758912031250001 0.8932098777777778 0.6585879625 0.9214403305555556 0.656921296875 0.9464814805555556 0.664641203125 0.9684979416666667 0.7036574078125 0.9785802472222221 0.7007638890625 0.9231069972222221 0.69304398125 0.901090536111111 0.6758912031250001 0.8932098777777778
0 0.6005324078125 0.9812962972222222 0.6021875 0.9590329222222221 0.5944328703124999 0.9453497944444444 0.5912499999999999 0.9593209888888888 0.6005324078125 0.9812962972222222
0 0.61851851875 0.7891769555555556 0.60445601875 0.7895473249999999 0.591875 0.8093209888888888 0.5902199078125 0.831584361111111 0.5979513890625 0.8508230444444445 0.61508101875 0.8642592583333333 0.6276273140625 0.8528189305555556 0.6293518515625001 0.8138888888888889 0.61851851875 0.7891769555555556
0 0.6333449078125 0.9804321 0.633391203125 0.9693209888888888 0.608402778125 0.9672016472222222 0.6052199078125 0.9811728388888888 0.6333449078125 0.9804321
0 0.649900428125 0 0.6482638890625 0.024588477777777777 0.6559490734375 0.05493827222222222 0.668402778125 0.06572016388888889 0.685625 0.05693415555555556 0.6917759921875 0 0.649900428125 0
0 0.47120370312500004 0.523641975 0.44936342656250006 0.515884775 0.4399421296875 0.5272427972222222 0.43515046249999995 0.5523662555555556 0.44283564843749995 0.58271605 0.45999999999999996 0.5878189305555556 0.47413194374999995 0.5707818916666667 0.47736111093750005 0.5456995888888889 0.47120370312500004 0.523641975