0 0.4484375 0.15868312777777777 0.4546875 0.16987654444444444 0.4671875 0.1561522638888889 0.4671875 0.13948559722222223 0.453125 0.13652263333333334 0.4484375 0.15868312777777777
0 0.27225349374999996 1 0.2796875 0.9842386833333333 0.2796875 0.9647942388888888 0.2640625 0.9534773666666666 0.2625 0.9256790111111111 0.2515625 0.9394238694444444 0.246875 0.9282510277777778 0.2515625 0.9533127583333333 0.2328125 0.9752880666666667 0.2328125 1 0.27225349374999996 1
0 0.271875 0.17580246944444444 0.2640625 0.15903292222222223 0.2375 0.14757201666666667 0.2296875 0.16135802500000002 0.2375 0.20312757222222225 0.2515625 0.22275720277777777 0.2625 0.22012345555555557 0.271875 0.20080246944444444 0.271875 0.17580246944444444
0 0.7029900062500001 1 0.7015625 0.9314609055555555 0.66875 0.9310288055555556 0.665625 0.9420987666666666 0.671875 0.9449588472222222 0.671875 0.9921810694444444 0.6796875 1 0.7029900062500001 1
0 0.325 0.14594650277777776 0.2984375 0.13170781944444443 0.2921875 0.14829218055555554 0.290625 0.16216049444444444 0.3 0.19561728333333334 0.30625 0.20403292222222222 0.325 0.2042798361111111 0.3359375 0.16831275833333334 0.325 0.14594650277777776
0 0.7515625 0.140452675 0.728125 0.16236625555555556 0.7265625 0.1873456777777778 0.7359375 0.20969135833333333 0.7625 0.21004115277777777 0.771875 0.1907201638888889 0.7640625 0.15728395 0.7515625 0.140452675
0 0.30625 0.8206995888888888 0.30625 0.8762551444444444 0.33125 0.8765843611111112 0.3421875 0.8600617277777778 0.340625 0.8155967083333334 0.315625 0.8013785999999999 0.30625 0.8206995888888888
0 0.3984375 0.166358025 0.3890625 0.16067901111111113 0.3875 0.14676954722222224 0.36875 0.13818930000000001 0.359375 0.14639917777777778 0.359375 0.1936214 0.3703125 0.21320987777777778 0.384375 0.21617283888888889 0.396875 0.19411522499999997 0.3984375 0.166358025
0 0.465625 0.5366872416666666 0.4546875 0.536543211111111 0.446875 0.5253292194444444 0.4390625 0.539115225 0.4375 0.5807613166666666 0.4421875 0.5947119333333333 0.4640625 0.606111111111111 0.475 0.5923662555555556 0.478125 0.5646296305555556 0.465625 0.5366872416666666
0 0.6578125 0.06699588611111111 0.6484375 0.07520576111111112 0.6609375 0.07814814722222223 0.66875 0.10047325 0.671875 0.07551440277777778 0.6875 0.05905349722222222 0.6921875 0.009115225 0.65625 0.008641975 0.653125 0.03360082222222222 0.6578125 0.06699588611111111
0 0.765625 0.6934156388888889 0.7625 0.6739300416666667 0.7546875 0.6654938277777778 0.734375 0.6680041138888889 0.734375 0.7180041138888889 0.740625 0.7319753083333335 0.75625 0.737736625 0.778125 0.7241358027777778 0.778125 0.7074691361111111 0.765625 0.6934156388888889
0 0.41557835781249997 1 0.41875 0.9944032916666666 0.41875 0.9694032916666667 0.40625 0.9581275722222222 0.403125 0.9414197527777778 0.3796875 0.9411111111111111 0.3734375 0.9660288055555556 0.3734375 1 0.41557835781249997 1
0 0.696875 0.13973251111111112 0.68125 0.1367489722222222 0.6609375 0.15314814722222223 0.6578125 0.17810699722222223 0.6625 0.20039094722222223 0.684375 0.21179012222222224 0.69375 0.19802469166666667 0.7015625 0.16201646111111112 0.696875 0.13973251111111112
0 0.5453125 0.2849588472222222 0.5453125 0.2738477361111111 0.5328125 0.27090535 0.5234375 0.25689300277777777 0.50625 0.2566666666666667 0.509375 0.2928189305555556 0.5171875 0.3262551444444445 0.534375 0.3348148138888889 0.55625 0.29899176944444444 0.5453125 0.2849588472222222
0 0.2625 0.8229012333333333 0.25 0.8005144027777777 0.2375 0.7975720166666667 0.2296875 0.8058024694444444 0.2203125 0.8362345666666666 0.221875 0.8668107 0.2328125 0.8725102888888888 0.2546875 0.8644650194444444 0.2625 0.8451234555555556 0.2625 0.8229012333333333
0 0.5453125 0.1405144027777778 0.5328125 0.13757201666666666 0.5203125 0.15685185277777777 0.515625 0.16790123333333332 0.5203125 0.2068518527777778 0.54375 0.21827160555555555 0.553125 0.2045061722222222 0.5578125 0.17123456666666667 0.5453125 0.1405144027777778
0 0.69375 0.806358025 0.671875 0.8116255138888888 0.6703125 0.8504938277777777 0.678125 0.8783744861111111 0.709375 0.8815637861111111 0.7125 0.8593827166666667 0.7015625 0.8175720166666666 0.69375 0.806358025
0 0.390625 0.8106995888888889 0.3796875 0.8105555555555556 0.375 0.821604938888889 0.371875 0.8548971194444445 0.3765625 0.8855144027777778 0.403125 0.8858641972222222 0.4140625 0.8610082305555555 0.4140625 0.8360082305555555 0.390625 0.8106995888888889
0 0.6375 1 0.6375 0.9695061722222222 0.621875 0.9387448555555555 0.6109375 0.9330452666666667 0.59375 0.952263375 0.59375 0.9939300416666667 0.596296615625 1 0.6375 1
0 0.3671875 0.057613169444444445 0.375 0.07716049444444445 0.4046875 0.08310699722222223 0.409375 0.06650205833333334 0.41875 0.07495884722222222 0.40625 0.04979423888888889 0.403125 0.02475308611111111 0.3890625 0.005123455555555555 0.375 0.004938272222222222 0.3671875 0.024279836111111112 0.3671875 0.057613169444444445
0 0.6078125 0.8052263361111112 0.59375 0.8133744861111112 0.590625 0.8466666666666667 0.596875 0.8717489722222223 0.6109375 0.8886008222222223 0.6375 0.8778395055555556 0.628125 0.8249382722222223 0.6078125 0.8052263361111112
0 0.3300781328125 1 0.3484375 0.9990329222222223 0.35 0.9657201638888889 0.3421875 0.9350617277777779 0.321875 0.9264609055555556 0.3078125 0.9373868305555555 0.3109375 0.9457613166666666 0.3046875 0.9623456777777777 0.306199596875 1 0.3300781328125 1
0 0.5623760359375 1 0.5609375 0.9462757194444446 0.515625 0.9456790111111111 0.50625 0.9622222222222222 0.5090805375 1 0.5623760359375 1
0 0.6328125 0.011111111111111112 0.6015625 0.00792181111111111 0.596875 0.016193416666666665 0.5859375 0.04382716111111111 0.5890625 0.07442386944444444 0.603125 0.09405349722222223 0.6203125 0.09150205833333334 0.6328125 0.04722222222222222 0.6328125 0.011111111111111112
0 0.3015625 0.08174897222222222 0.3234375 0.095925925 0.3390625 0.07668724166666666 0.3421875 0.051728394444444444 0.340625 0.037818930555555554 0.315625 0.004156377777777778 0.29375 0.0038683138888888887 0.29375 0.02609053611111111 0.3015625 0.08174897222222222
0 0.5609375 0.9101646083333333 0.559375 0.840699588888889 0.546875 0.8210905361111112 0.525 0.8180246916666666 0.5109375 0.8400617277777778 0.5171875 0.8373662555555554 0.5140625 0.845658436111111 0.5265625 0.8902674888888888 0.5421875 0.9126954722222222 0.5609375 0.9101646083333333
0 0.7359375 0.02913580277777778 0.728125 0.045699588888888885 0.73125 0.051296297222222224 0.725 0.059547325 0.728125 0.07625514444444444 0.7328125 0.07353909444444445 0.734375 0.09300411388888889 0.7546875 0.1016049388888889 0.7625 0.0961522638888889 0.765625 0.07119341666666666 0.778125 0.054691358333333336 0.7796875 0.026934155555555558 0.771875 0.010164608333333333 0.7515625 0.009897119444444444 0.746875 0.026502058333333335 0.7359375 0.02913580277777778
0 0.7697644593749999 1 0.7734375 0.9935185194444445 0.775 0.9852057611111111 0.7640625 0.9739506166666667 0.7609375 0.948909463888889 0.7484375 0.9431893000000001 0.746875 0.9237242805555557 0.725 0.9262139916666666 0.7234375 0.9428600833333333 0.715625 0.9455349805555555 0.715625 0.9705349805555555 0.7265625 0.9984567888888888 0.7279916171874999 1 0.7697644593749999 1
0 0.492485434375 1 0.496875 0.9454320999999999 0.4890625 0.9369958861111111 0.46875 0.94228395 0.4671875 0.9283744861111111 0.4546875 0.9309876555555555 0.45 0.9198148138888889 0.4421875 0.9391563777777777 0.4390625 0.9918930027777778 0.44246374375 1 0.492485434375 1
0 0.2234375 0.039053497222222226 0.2375 0.07812757222222222 0.2609375 0.10899176944444444 0.2671875 0.09240740833333333 0.278125 0.0897736638888889 0.278125 0.03699588611111111 0.2640625 0.03403292222222222 0.2625 0.020123455555555555 0.25 0.0032921805555555556 0.228125 0.003004113888888889 0.225 0.011296297222222222 0.2234375 0.039053497222222226
0 0.4609375 0.097736625 0.465625 0.09779835277777779 0.4703125 0.08119341666666667 0.48125 0.09522633611111112 0.4859375 0.08139917777777778 0.496875 0.08432098888888889 0.4984375 0.02323045277777778 0.5078125 0.031687241666666664 0.509375 0.07337448611111111 0.5171875 0.07069958888888889 0.5265625 0.08193415555555555 0.5359375 0.07372428055555556 0.54375 0.08216049444444444 0.5484375 0.06555555555555556 0.559375 0.0656995888888889 0.5609375 0.007386830555555556 0.5048828125 0.006648663888888889 0.5046875 0.017757202777777776 0.496875 0.006543211111111111 0.49375 0.023168724999999998 0.4859375 0.023065844444444445 0.484375 0.0063786 0.44375 0.005843622222222222 0.4453125 0.08086419722222223 0.4609375 0.097736625