0 0.4376861109375 0 0.43929398124999997 0.04977366388888889 0.4534953703125 0.08292181111111112 0.4816203703125 0.08255144166666667 0.49711805625 0.05179012222222222 0.4970138890625 0.026790122222222223 0.484421296875 0.004732511111111112 0.48440157812500007 0 0.4376861109375 0
0 0.74691598125 0 0.7469328703125 0.004053497222222222 0.73445601875 0.009773663888888888 0.7251504625 0.026563786111111112 0.7268518515625 0.05987654444444444 0.73631944375 0.08197530833333333 0.7613078703125 0.07886831388888889 0.7658796296875 0.051028805555555556 0.7782754625 0.025864197222222222 0.778171296875 0.0008641972222222223 0.7776779296874999 0 0.74691598125 0
0 0.5106368734375 0 0.509421296875 0.0044032916666666665 0.5079629625 0.02942386944444445 0.517465278125 0.05985596666666667 0.5315740734375 0.07078189166666667 0.559652778125 0.059300411111111104 0.56079519375 0 0.5106368734375 0
0 0.358073259375 0 0.3595023140625 0.025823044444444443 0.3831828703125 0.08384773611111111 0.40348379687499997 0.08080246944444446 0.4127546296875 0.05567901111111111 0.41111111093749997 0.03625514444444444 0.39592229375 0 0.358073259375 0
0 0.29376611874999997 0 0.2938541671875 0.02113168611111111 0.3003125 0.07104938333333333 0.32225694374999997 0.08742798333333333 0.3409143515625 0.06495884722222223 0.3423726859375 0.039938272222222224 0.33288194375 0.012283949999999998 0.31998783125 0 0.29376611874999997 0
0 0.5926046281249999 0 0.5860879625 0.028395061111111113 0.590902778125 0.058888888888888886 0.601921296875 0.0781893 0.620659721875 0.07516460833333334 0.63149305625 0.050020575000000005 0.6326240750000001 0 0.5926046281249999 0
0 0.5590856484375 0.2982098777777778 0.55586805625 0.27602880555555553 0.524421296875 0.22921810833333334 0.50881944375 0.234979425 0.5073263890625 0.25166666666666665 0.5152199078125 0.27100823055555556 0.5185069437500001 0.30985596666666665 0.5342245375 0.33187242777777776 0.5498263890625 0.32611111111111113 0.5590856484375 0.2982098777777778
0 0.470972221875 0.5271604944444445 0.44430555624999996 0.5025102888888889 0.42868055624999996 0.50271605 0.42880787031249995 0.5332716055555555 0.44621527812500006 0.5858230444444444 0.465 0.5939094638888889 0.47744212968750005 0.5798559666666666 0.48045138906249996 0.5520370361111111 0.470972221875 0.5271604944444445
0 0.677233796875 0.9022427972222222 0.669421296875 0.9023456777777779 0.6632291671874999 0.9163168722222222 0.6633680562500001 0.9496502055555556 0.6697222218750001 0.9745679 0.6900925921875001 0.9881893 0.71195601875 0.9851234555555556 0.7022916671874999 0.9158024694444445 0.677233796875 0.9022427972222222
0 0.223449759375 0 0.2235763890625 0.03039094722222222 0.234571759375 0.04413580277777778 0.23937499999999998 0.07185185277777778 0.25194444374999997 0.08835390833333334 0.26288194374999996 0.08820987777777778 0.26749999999999996 0.07148148055555555 0.2784375 0.07133744722222223 0.2782870375 0.03522633611111111 0.2610648140625 0.027119341666666665 0.25945601875 0.016028805555555557 0.2517013890625 0.030020574999999997 0.2501681421875 0 0.223449759375 0
0 0.7759143515625 0.959279836111111 0.7617824078125001 0.9427983527777777 0.7632754625 0.926111111111111 0.758553240625 0.9178395055555555 0.742858796875 0.9013785999999999 0.72881944375 0.9071193416666667 0.7319791671875 0.9154115222222223 0.7226620375 0.9294238694444446 0.7227662031250001 0.9544238694444445 0.7322453703125 0.9793004111111112 0.77445601875 0.9843004111111111 0.7759143515625 0.959279836111111
0 0.48203703750000004 0.18255144166666668 0.48347222187499994 0.15197530833333334 0.47715277812499995 0.13539094722222222 0.45677083281249997 0.11899176944444445 0.4504513890625 0.10240740833333334 0.43171296249999996 0.1054321 0.43177083281249995 0.1193209888888889 0.4443981484375 0.14971193333333332 0.44450231406249996 0.17471193333333332 0.45552083281250005 0.19401234444444443 0.47427083281250004 0.19376543333333332 0.48203703750000004 0.18255144166666668
0 0.604884259375 0.789300411111111 0.595509259375 0.7894238694444444 0.58930555625 0.8006172833333333 0.6004745375 0.8560288055555555 0.62243055625 0.8751851861111111 0.6348726859375 0.8611316861111111 0.6347106484375 0.8222427972222223 0.62524305625 0.8001440333333333 0.604884259375 0.789300411111111
0 0.653061015625 0 0.65006944375 0.008106997222222221 0.654803240625 0.01915637777777778 0.6485879625 0.027572016666666668 0.6581134265624999 0.06355966944444445 0.6846759265625 0.06320987777777777 0.6926041265625 0 0.653061015625 0
0 0.5427199078125 0.12063786111111112 0.53179398125 0.12355966944444445 0.5178356484375 0.14874485555555556 0.5163888890624999 0.17654321111111113 0.52743055625 0.20139917777777777 0.5446296296875001 0.20395061666666667 0.5585763890625 0.17598765555555557 0.556909721875 0.15100823055555557 0.5427199078125 0.12063786111111112
0 0.3273958328125 0.1956995888888889 0.336678240625 0.17335390833333333 0.335034721875 0.15393004166666666 0.3287731484375 0.15123456666666665 0.325590278125 0.13738683055555556 0.29894675937500004 0.11829218055555556 0.2864583328125 0.12123456666666667 0.28651620312500004 0.13512345555555555 0.294375 0.1461316861111111 0.3007870375 0.1849382722222222 0.3149074078125 0.198641975 0.3273958328125 0.1956995888888889
0 0.5491898140625 0.9233744861111111 0.5304398140625 0.9236214 0.5196064812500001 0.9487654333333334 0.5243518515625001 0.9625925916666668 0.515046296875 0.9793827166666668 0.5213194437500001 0.9848559666666667 0.56663194375 0.9842592583333333 0.5649074078125 0.9453909472222222 0.5491898140625 0.9233744861111111
0 0.7007638890625 0.17411522499999998 0.702152778125 0.13242798333333333 0.6974074078125 0.11860082222222221 0.6833449078125 0.11878600833333333 0.672453703125 0.13004115277777778 0.6693981484375 0.14674897222222222 0.6584606484375 0.14689300277777778 0.6585763890624999 0.17467078055555557 0.6711458328125001 0.1911728388888889 0.6867708328125001 0.19096707777777777 0.7007638890625 0.17411522499999998
0 0.399097221875 0.15308641944444445 0.389652778125 0.1365432111111111 0.36461805625 0.12853909444444445 0.359953703125 0.13415637777777778 0.3617476859375 0.18969135833333334 0.3758796296875 0.2061728388888889 0.38836805625 0.2032304527777778 0.3992129625 0.18086419722222222 0.399097221875 0.15308641944444445
0 0.6257638890624999 0.9251440333333333 0.610115740625 0.9197942388888889 0.5961689812500001 0.9477572027777778 0.5915509265625001 0.9644855972222222 0.6041550921875001 0.9893209888888889 0.6338425921875 0.9889300416666666 0.6369328703125 0.9805555555555555 0.6367939812500001 0.9472222222222222 0.6257638890624999 0.9251440333333333
0 0.7480092593750001 0.6374074083333333 0.73866898125 0.6458641972222222 0.7404861109375 0.7069547333333334 0.7608449078125 0.7177983527777777 0.7810995375 0.703641975 0.7810300921875 0.6869753083333333 0.765266203125 0.6538477361111111 0.7480092593750001 0.6374074083333333
0 0.562858796875 0.8287448555555555 0.547141203125 0.8067283944444443 0.5330787031249999 0.8069135805555555 0.520671296875 0.8293004111111112 0.5207175921875 0.8404115222222223 0.539641203125 0.8818312749999999 0.552152778125 0.8844444444444444 0.5629745374999999 0.8565226333333332 0.562858796875 0.8287448555555555
0 0.2741550921875 0.1686214 0.2679050921875 0.16870370277777777 0.26471064843750003 0.15207818888888888 0.23965277812500002 0.13851851944444443 0.230347221875 0.15530864166666666 0.23991898125 0.20240740833333334 0.2524768515625 0.2161316861111111 0.264965278125 0.2131893 0.2742476859375 0.19084362222222223 0.2741550921875 0.1686214
0 0.404953703125 0.8086008222222222 0.37991898125 0.8005967083333333 0.378402778125 0.8117283944444444 0.378634259375 0.8672839499999999 0.38335648125 0.8755555555555555 0.39586805625 0.878168725 0.41297453749999996 0.8584979416666667 0.415983796875 0.8306790111111111 0.404953703125 0.8086008222222222
0 0.4166550921875 0.9917901222222222 0.41954861093750007 0.9361934166666667 0.3804513890625 0.9283744861111111 0.37914351874999996 0.9895061722222221 0.4166550921875 0.9917901222222222
0 0.2659143515625 0.8159876555555556 0.253321759375 0.7939300416666667 0.24081018593749998 0.7913168722222222 0.23149305625 0.8053292194444445 0.22378472187499998 0.8304321 0.22387731406250003 0.8526543222222223 0.2285995375 0.860925925 0.2598148140625 0.8521810694444445 0.26600694375 0.8382098777777778 0.2659143515625 0.8159876555555556
0 0.6876851859374999 0.7854321000000001 0.675196759375 0.7883744861111112 0.6769791671875 0.8411316861111111 0.6848495375 0.8549176944444444 0.7114351859375 0.8601234555555556 0.71445601875 0.8350823055555556 0.70493055625 0.79909465 0.6876851859374999 0.7854321000000001
0 0.34420138906250003 0.8538477361111111 0.3456134265625 0.8177160499999999 0.33930555625 0.8039094638888888 0.3158333328125 0.7958847750000001 0.30965277812499997 0.8126337444444445 0.308125 0.8209876555555556 0.31439814843749997 0.8264609055555556 0.30825231406250003 0.8515432111111112 0.316134259375 0.8681069972222223 0.3348726859375 0.8650823055555554 0.34420138906250003 0.8538477361111111
0 0.3163888890625 0.9292181083333334 0.3148726859375 0.9403497944444446 0.31509259218749996 0.9931275722222223 0.35100694374999997 0.9870987666666666 0.3540393515625 0.9648353916666667 0.3461226859375 0.9399382722222221 0.3335763890625 0.9289917694444444 0.3163888890625 0.9292181083333334
0 0.486840278125 0.9603086416666667 0.48516203750000003 0.9325514416666667 0.471053240625 0.9216255138888889 0.46952546249999993 0.9299794250000001 0.45700231406249997 0.9245884777777778 0.4617824078125 0.9467489722222222 0.45099537031250003 0.9830041138888889 0.45728009218750004 0.9912551444444445 0.49320601875000003 0.988004113888889 0.49468750000000006 0.9685390944444445 0.486840278125 0.9603086416666667
0 0.2618518515625 0.9660493833333333 0.2634606484375 0.9771399166666667 0.28371527812499997 0.962983538888889 0.2820254625 0.9324485583333334 0.2695254625 0.9326131694444445 0.2663425921875 0.9187654333333334 0.25539351875 0.9161316861111112 0.2539583328125 0.9467078194444445 0.2384143515625 0.966358025 0.24008101874999999 0.9913374472222223 0.25101851875 0.9911934166666667 0.255590278125 0.9633539083333333 0.2618518515625 0.9660493833333333
0 0.7334722218749999 0.14868312777777778 0.7352083328125001 0.19032921944444445 0.7446064812500001 0.19576131666666668 0.7633101859375 0.1844032916666667 0.7631134265624999 0.13718106944444444 0.7365277781249999 0.13197530833333332 0.7334722218749999 0.14868312777777778