0 0.44222019843749993 0 0.44089120312499996 0.05228395 0.45506944374999997 0.07969135833333334 0.48006944375 0.07903292222222222 0.49711805625 0.04524691388888889 0.4970370375 0.02580246944444444 0.4885641484375 0 0.44222019843749993 0
0 0.22679546718750002 0 0.225034721875 0.0024074083333333334 0.225196759375 0.04129629722222222 0.24089120312499998 0.05755144166666667 0.25513888906250004 0.1016255138888889 0.2629629625 0.10419753055555556 0.26445601875 0.08748971111111112 0.279965278125 0.059300411111111104 0.2797181921875 0 0.22679546718750002 0
0 0.3638353078125 0 0.3672453703125 0.004218108333333333 0.37534722187499997 0.07345678888888889 0.3879398140625 0.09534979444444446 0.39100694375 0.08137860000000001 0.40505787031249996 0.07823045277777778 0.40805555625 0.04759259166666667 0.41892361093749997 0.03063786111111111 0.41570601875 0.008497941666666666 0.40788194375 0.005925924999999999 0.4067405046875 0 0.3638353078125 0
0 0.735802065625 0 0.7267013890625 0.014197530555555556 0.7236574078125 0.033724280555555555 0.7315856484375 0.06129629722222222 0.7425810187499999 0.07489711944444444 0.75819444375 0.07170781944444445 0.7782754625 0.015617283333333332 0.778210390625 0 0.735802065625 0
0 0.5126000984375 0 0.511053240625 0.014320988888888888 0.519027778125 0.05300411388888889 0.5331828703125 0.07485596666666666 0.5441203703124999 0.07456789999999999 0.550266203125 0.04940329166666666 0.5611574078125 0.038004113888888885 0.5609990578125 0 0.5126000984375 0
0 0.29430544531249997 0 0.2987268515625 0.061584361111111104 0.3097453703125 0.08074074166666666 0.3284953703125 0.08024691388888888 0.34090277812499997 0.057695472222222224 0.3407523140625 0.02158436111111111 0.326608796875 0.0025102888888888886 0.3265983375 0 0.29430544531249997 0
0 0.5927479671875 0 0.59225694375 0.0010699583333333334 0.5876388890625 0.017860083333333335 0.5925 0.05940329166666666 0.603483796875 0.0702263361111111 0.620659721875 0.06699588611111111 0.63149305625 0.04170781944444445 0.6335507171875 0 0.5927479671875 0
0 0.48513888906249997 0.9206584361111111 0.46480324062499995 0.9156378611111111 0.44613425937500006 0.9355761305555556 0.443159721875 0.9717695472222222 0.4479050921875 0.9855349805555556 0.49634259218750004 0.9842592583333333 0.5009606484375 0.9674691361111111 0.5024768515625 0.9563168722222222 0.48513888906249997 0.9206584361111111
0 0.7103356484375001 0.9619547333333333 0.7054398140625 0.9120781888888888 0.68975694375 0.8986008222222222 0.6694791671875 0.9074691361111111 0.65554398125 0.9383950611111112 0.6571990734375001 0.9605761305555556 0.6649652781250001 0.9492592583333334 0.67600694375 0.9739711944444445 0.6869675921875 0.9792386833333334 0.7057175921875001 0.9787448555555555 0.7103356484375001 0.9619547333333333
0 0.7648495375000001 0.9188477361111111 0.7554629625 0.9163168722222222 0.7522800921874999 0.902510288888889 0.7382175921874999 0.9028806583333333 0.7180555562500001 0.93952675 0.7227893515625 0.9505144027777778 0.7182175921875 0.9784156388888888 0.7791319437500001 0.9712551444444445 0.7790509265625001 0.9518107 0.768078703125 0.9437654333333334 0.7648495375000001 0.9188477361111111
0 0.47885416718749996 0.5374485583333334 0.4678356484375 0.5182921805555556 0.428796296875 0.5248765444444444 0.42414351874999995 0.5333333333333333 0.42582175937500005 0.5610699583333333 0.45093750000000005 0.5881892999999999 0.46968750000000004 0.5876954722222222 0.47899305625000005 0.5707818916666667 0.47885416718749996 0.5374485583333334
0 0.415983796875 0.8252469138888888 0.406516203125 0.8032716055555555 0.38775462968749996 0.8009876555555555 0.35969907343749996 0.8183950611111112 0.3614120375 0.8544650194444445 0.37547453750000004 0.85409465 0.38962962968750003 0.8759465027777777 0.40521990781249995 0.8672016472222221 0.41606481406249995 0.8446913583333333 0.415983796875 0.8252469138888888
0 0.2835648140625 0.9231893 0.25539351875 0.9128189305555556 0.2445254625 0.9297736638888889 0.24152777812499998 0.9604115222222223 0.230625 0.9690329222222223 0.2385300921875 0.9910493833333334 0.26821759218749996 0.9902674888888888 0.282233796875 0.9787860083333333 0.2835648140625 0.9231893
0 0.6418839765625 0 0.6439351859375 0.02748971111111111 0.653402778125 0.049465019444444445 0.6690856484375 0.06294238611111111 0.6862268515625 0.0513786 0.6848559437499999 0 0.6418839765625 0
0 0.62524305625 0.7919547333333333 0.6064930562499999 0.7924485583333333 0.5847337968749999 0.8208024694444443 0.5832523140625 0.8402880666666668 0.5911111109375 0.8511934166666666 0.62243055625 0.867037036111111 0.6364236109375 0.85 0.6362615734375 0.8111111111111111 0.62524305625 0.7919547333333333
0 0.51336805625 0.9449176944444444 0.5166550921875 0.9837242805555555 0.5650925921875001 0.9824485583333333 0.5648842593750001 0.9324485583333334 0.5476273140625 0.9162345666666667 0.5273379625 0.9223251027777778 0.51336805625 0.9449176944444444
0 0.3226388890625 0.9249382722222222 0.3070833328125 0.942016461111111 0.30408564843749997 0.9726543222222221 0.3088425921875 0.9891975305555556 0.35415509218749996 0.988004113888889 0.36028935156249997 0.9600617277777779 0.3382754625 0.9273045277777778 0.3226388890625 0.9249382722222222
0 0.4582638890625 0.09627571944444444 0.4459143515625 0.13271605 0.44768518593750006 0.18267489722222222 0.46646990781250003 0.19051440277777776 0.48203703750000004 0.17621399166666665 0.48339120312499995 0.1261728388888889 0.4660763890625 0.09606995833333334 0.4582638890625 0.09627571944444444
0 0.297465278125 0.13384773611111112 0.2992476859375 0.18658436111111112 0.32430555625 0.19981481388888891 0.338240740625 0.1688888888888889 0.33336805625 0.12456790000000001 0.3145601859375 0.11117283888888889 0.297465278125 0.13384773611111112
0 0.5333333328125 0.11096707777777778 0.5178356484375 0.14193415555555555 0.5179976859375001 0.18082304444444444 0.5290046296875001 0.19720164722222222 0.5446296296875001 0.1967901222222222 0.5601388890625 0.16860082222222222 0.5442824078124999 0.1134567888888889 0.5333333328125 0.11096707777777778
0 0.562858796875 0.8213786000000001 0.548715278125 0.8023045277777778 0.5315509265625 0.8083127583333334 0.5159953703125 0.8253909472222222 0.5255092593749999 0.8584773666666666 0.5443518515625 0.8802057611111112 0.555266203125 0.8743621388888889 0.5629861109375 0.8519341555555556 0.562858796875 0.8213786000000001
0 0.3723958328125 0.11520576111111111 0.35997685156250003 0.13497942500000001 0.3601736109375 0.1822016472222222 0.36961805625 0.1986214 0.38836805625 0.19812757222222221 0.3992129625 0.17561728333333335 0.399097221875 0.14783950555555556 0.3723958328125 0.11520576111111111
0 0.2725578703125 0.15672839444444445 0.263125 0.14308641944444445 0.2365393515625 0.13823045277777776 0.2304050921875 0.16617283888888887 0.23991898125 0.19925925833333333 0.25091435156249997 0.21286008333333334 0.2634143515625 0.2125308638888889 0.274259259375 0.19002057500000002 0.2725578703125 0.15672839444444445
0 0.3774074078125 0.942942386111111 0.37759259218749996 0.9873868305555555 0.42290509218750005 0.9861934166666667 0.4243171296875 0.9500411527777778 0.40703703750000003 0.9282716055555555 0.3882870375 0.9287654333333333 0.3774074078125 0.942942386111111
0 0.236134259375 0.7910905361111111 0.21901620312499998 0.8082098777777778 0.22547453750000002 0.8580452666666667 0.26137731406250003 0.8487654333333334 0.26590277812499996 0.8097530861111112 0.253321759375 0.7906378611111111 0.236134259375 0.7910905361111111
0 0.6179513890624999 0.9171604944444444 0.599259259375 0.931543211111111 0.5962731484375 0.9649588472222221 0.6010300921875 0.9815020583333333 0.6416550921875 0.9804321 0.6415046296875 0.9443209888888889 0.6351851859375001 0.9278189305555555 0.6179513890624999 0.9171604944444444
0 0.6958680562499999 0.115020575 0.66774305625 0.11576131666666666 0.6599884265625 0.12985596666666666 0.6585648140625 0.16323045277777778 0.6695833328125 0.18238683055555557 0.6867708328125001 0.18193415555555556 0.6976388890624999 0.16497942499999999 0.700590278125 0.12323045277777778 0.6958680562499999 0.115020575
0 0.70493055625 0.7898559666666666 0.67993055625 0.7905144027777778 0.6659722218749999 0.815884775 0.6691898140625 0.8380246916666667 0.6879976859375 0.8514197527777778 0.7114351859375 0.8508024694444444 0.7144444437499999 0.822942386111111 0.70493055625 0.7898559666666666
0 0.34086805625 0.7994444444444445 0.3252083328125 0.7915226333333334 0.30807870312499996 0.8058641972222222 0.3067013890625 0.8503497944444445 0.311446759375 0.864115225 0.3239583328125 0.8665637861111111 0.3442129625 0.8521399166666667 0.3456018515625 0.8104321 0.34086805625 0.7994444444444445
0 0.762141203125 0.643888888888889 0.748078703125 0.6442592583333333 0.7341203703125 0.6696296305555556 0.7342013890625 0.689074075 0.7483449078125 0.7081481472222222 0.7733333328125 0.7047119333333333 0.7810995375 0.693395061111111 0.77945601875 0.6739917694444444 0.762141203125 0.643888888888889
0 0.5464699078125 0.26341563888888886 0.5448611109375 0.2523456777777778 0.5323611109375 0.25267489722222225 0.52149305625 0.26962963055555556 0.5184606484375001 0.2919341555555555 0.5341898140625 0.31652263333333336 0.5451273140625 0.31623456666666666 0.5590856484375 0.29086419722222223 0.55586805625 0.26872428055555553 0.5464699078125 0.26341563888888886
0 0.7240856484375 0.13650205833333334 0.7304745375 0.16967078055555554 0.7414351859375 0.17493827222222222 0.7585648140625 0.16059670833333334 0.764733796875 0.14098765555555556 0.7600115734374999 0.13277777777777777 0.7240856484375 0.13650205833333334