0 0.7731134265625 0.6823662555555555 0.76210648125 0.6655555555555556 0.7464930562500001 0.6681275722222222 0.7402777781250001 0.6763786 0.7404861109375 0.7263785999999999 0.7530208328125 0.7348765444444445 0.7748611109375 0.7268312750000001 0.7778703703125001 0.6990946499999999 0.7731134265625 0.6823662555555555
0 0.2392361109375 0.7947736638888888 0.22835648125 0.8085185194444444 0.22700231406250002 0.8584979416666667 0.2551273140625 0.8588683138888888 0.26444444375 0.8451028805555555 0.26429398125 0.8089917694444444 0.25486111093749997 0.794979425 0.2392361109375 0.7947736638888888
0 0.3250115734375 0.0070576138888888895 0.300034721875 0.012283949999999998 0.3003125 0.07895061666666667 0.31284722187499997 0.08744855833333333 0.3346990734375 0.08218106944444445 0.34241898125 0.06006172777777778 0.342303240625 0.03228395 0.3250115734375 0.0070576138888888895
0 0.6281481484375 0.013827161111111111 0.5937731484375 0.013374486111111111 0.58600694375 0.024382716666666665 0.5877662031249999 0.07162551388888888 0.6003356484375 0.08845678888888889 0.6221990734375 0.08596707777777778 0.6299305562499999 0.06662551388888889 0.6281481484375 0.013827161111111111
0 0.54898148125 0.13777777777777778 0.5317824078125 0.1347736638888889 0.5193402781249999 0.1484979416666667 0.5179745375 0.1956995888888889 0.5242824078125 0.20967078055555557 0.5430439812500001 0.2126954722222222 0.5554861109375 0.19897119444444447 0.555277778125 0.14897119444444445 0.54898148125 0.13777777777777778
0 0.41434027812499996 0.822078188888889 0.40335648125 0.8108230444444444 0.38461805625 0.8133539083333333 0.378402778125 0.821604938888889 0.37862268593750004 0.8743827166666667 0.3849074078125 0.8827983527777779 0.4005324078125 0.8830041138888889 0.4129861109375 0.8720576138888889 0.41434027812499996 0.822078188888889
0 0.6830208328125 0.8089506166666667 0.6768055562499999 0.8172016472222222 0.6785648140625 0.8644444444444445 0.6911111109375 0.8757201638888888 0.7114120374999999 0.8732098777777777 0.7143865734375 0.8371399166666667 0.70804398125 0.8148353916666666 0.6830208328125 0.8089506166666667
0 0.48355324062499994 0.9340946499999999 0.4538773140625 0.9364814805555556 0.44611111093750005 0.9474897111111111 0.44631944375000004 0.9974897111111111 0.4963078703125 0.9953703694444443 0.49771990781250003 0.959279836111111 0.49296296249999993 0.9425514416666666 0.48355324062499994 0.9340946499999999
0 0.4859606484375 0.011954733333333332 0.4437731484375 0.011399177777777776 0.44406249999999997 0.08084362222222222 0.45662037031249997 0.09489711944444444 0.47225694375 0.09788065833333334 0.49246527812499996 0.07314814722222222 0.4939236109375 0.048168725 0.4859606484375 0.011954733333333332
0 0.3990740734375 0.15802469166666666 0.391203703125 0.14403292222222222 0.38335648125 0.13559670833333334 0.36304398125000004 0.13532921944444445 0.356840278125 0.146358025 0.3570138890625 0.1880246916666667 0.3633101859375 0.19921810833333334 0.38054398125 0.21055555555555555 0.3992245375 0.19413580277777778 0.3990740734375 0.15802469166666666
0 0.336527778125 0.1460905361111111 0.3270949078125 0.1320781888888889 0.30209490781250004 0.13174897222222223 0.29743055625000003 0.1372427972222222 0.300740740625 0.18172839444444447 0.31335648125 0.20967078055555557 0.32898148125 0.20987654444444442 0.34133101875 0.17393004166666667 0.336527778125 0.1460905361111111
0 0.6399858546875 1 0.6382986109375001 0.950020575 0.6288773140624999 0.9387860083333334 0.6085648140625 0.9385185194444444 0.5976736109375 0.9494855972222223 0.5978703703125 0.9967078194444444 0.620610109375 1 0.6399858546875 1
0 0.553391203125 0.8211316861111112 0.5284143515624999 0.8263580249999999 0.5270486109375 0.8735596694444444 0.541203703125 0.8959670777777778 0.5521412031249999 0.8961111111111112 0.5645023140625 0.8629423861111112 0.5643981484375 0.8379423861111112 0.553391203125 0.8211316861111112
0 0.5314814812499999 1 0.5713078703125001 0.996358025 0.5711342593750001 0.9546913583333334 0.5506828703125 0.9210905361111111 0.5225694437499999 0.9234979416666665 0.5226388890625 0.9401646083333333 0.5164236109375 0.9484156388888888 0.5181650359375001 1 0.5314814812499999 1
0 0.777561728125 1 0.7774537031250001 0.9740740750000001 0.7585069437499999 0.926604938888889 0.7350694437499999 0.9262962972222222 0.7288541671875 0.9345473249999999 0.7259490734375 0.9872839499999999 0.7345092984375 1 0.777561728125 1
0 0.72975694375 0.026275719444444443 0.725115740625 0.03732510277777778 0.7252893515625 0.07899176944444444 0.7378819437499999 0.1013786 0.75506944375 0.1016049388888889 0.7674768515625 0.079547325 0.7687731484375 0.01567901111111111 0.7562731484375 0.015514402777777778 0.74850694375 0.02652263333333333 0.7422453703125 0.023662552777777776 0.7437731484375 0.015349794444444445 0.7250231484375 0.015102880555555556 0.72975694375 0.026275719444444443
0 0.3163888890625 0.9374485583333333 0.3101736109375 0.9456995888888888 0.31039351875 0.9984773666666666 0.35255787031249997 0.9934773666666668 0.352384259375 0.9518107 0.3445138890625 0.9378189305555557 0.3163888890625 0.9374485583333333
0 0.7668287031250001 0.6739506166666667 0.75274305625 0.6682098777777777 0.73875 0.6846913583333334 0.737303240625 0.7124485583333333 0.745196759375 0.7319958861111112 0.7561574078125 0.7376954722222223 0.7810995375 0.7241358027777778 0.7810185187500001 0.7046913583333333 0.7668287031250001 0.6739506166666667
0 0.25800925937499997 0.8005761305555555 0.2423726859375 0.7975925916666666 0.23305555625 0.811358025 0.22378472187499998 0.8362345666666666 0.23016203750000003 0.8668724277777777 0.2598148140625 0.8589300416666666 0.26600694375 0.8451234555555556 0.2658796296875 0.8145679 0.25800925937499997 0.8005761305555555
0 0.5877083328125 0.05773662499999999 0.595625 0.08283950555555555 0.6221875 0.0831893 0.6282754625 0.04438271666666667 0.625 0.008230452777777777 0.603125 0.007942386111111113 0.5907291671875 0.03277777777777778 0.5877083328125 0.05773662499999999
0 0.3799768515625 0.8244032916666667 0.3817708328125 0.879979425 0.39585648125 0.885720163888889 0.4145254625 0.8665226333333333 0.41755787031249997 0.8443415638888889 0.4065046296875 0.8164197527777778 0.3799768515625 0.8244032916666667
0 0.32832175937499997 0.8015020583333334 0.3174074078125 0.8069135805555555 0.30815972187499996 0.8373456777777777 0.3082870375 0.8679012333333332 0.31457175937500004 0.8763168722222221 0.3395486109375 0.8710905361111112 0.3472800921875 0.8517489722222222 0.34399305625 0.8128189305555557 0.32832175937499997 0.8015020583333334
0 0.7017708328125 0.8091975305555555 0.6845833328125 0.8089711944444444 0.676828703125 0.8227572027777778 0.6754166671874999 0.8588477361111111 0.6832870375 0.8728395055555556 0.7051967593749999 0.8814609055555555 0.7145254624999999 0.87047325 0.71600694375 0.8510493833333332 0.7017708328125 0.8091975305555555
0 0.49580441875 1 0.5009375 0.9815432111111111 0.49613425937500005 0.9537037027777777 0.47729166718749994 0.9312345666666666 0.45855324062499997 0.9337654333333333 0.4446296296875 0.9669135805555555 0.44905479687499994 1 0.49580441875 1
0 0.6431941015625 1 0.6430671296875 0.96952675 0.6351620375 0.9472016472222222 0.6148148140624999 0.9386008222222222 0.5992708328125 0.9578395055555556 0.600927940625 1 0.6431941015625 1
0 0.537766203125 0.8209259250000001 0.526909721875 0.8402263361111111 0.5254398140625 0.8624279833333333 0.5349189812499999 0.8875514416666668 0.5568171296875 0.8933950611111112 0.5628356484375 0.8379218111111112 0.550266203125 0.8210905361111112 0.537766203125 0.8209259250000001
0 0.5607274984374999 1 0.5697569437500001 0.999115225 0.5696296296875001 0.9685596694444445 0.5554398140625 0.9378189305555557 0.5351273140624999 0.9375514416666667 0.5180439812500001 0.9623251027777777 0.51961299375 1 0.5607274984374999 1
0 0.7131144218750001 1 0.7101851859375 0.9537448555555555 0.6975578703124999 0.9230246916666667 0.6772453703125 0.9227572027777777 0.6648611109375 0.9503703694444444 0.6649652781250001 0.9753703694444444 0.6773014890625 1 0.7131144218750001 1
0 0.7795887484375 1 0.7806134265625 0.9824485583333333 0.7600925921874999 0.9321810694444446 0.73975694375 0.926358025 0.7242361109375001 0.9511522638888888 0.722777778125 0.976131686111111 0.733259228125 1 0.7795887484375 1
0 0.7515625 0.009897119444444444 0.7251620375 0.04843621388888889 0.7268518515625 0.07901234444444445 0.7363078703125 0.09858024722222222 0.75663194375 0.1016255138888889 0.7782986109375 0.051913580555555554 0.7781481484375 0.015802469444444443 0.7515625 0.009897119444444444
0 0.658125 0.08366255277777777 0.6846990734375 0.08679012222222222 0.6953125 0.009156377777777778 0.6625 0.008724280555555556 0.650115740625 0.03633744722222222 0.658125 0.08366255277777777
0 0.45688657343749994 0.5337654333333333 0.44289351874999994 0.5502469138888889 0.44464120312500005 0.5947119333333333 0.465 0.6060905361111111 0.47899305625000005 0.5896090527777778 0.48200231406249994 0.5618724277777778 0.47253472187499995 0.5395267499999999 0.45688657343749994 0.5337654333333333
0 0.4207846234375 1 0.4228703703125 0.9944032916666666 0.42274305625 0.9638477361111111 0.41328703750000007 0.9442798361111111 0.3882754625 0.9411728388888889 0.37898148125 0.9604938277777778 0.3776639578125 1 0.4207846234375 1
0 0.6252314812499999 0.8137448555555555 0.61116898125 0.8135596694444445 0.5987384265625 0.8300617277777778 0.5988773140625 0.8633950611111112 0.6051736109375 0.8745884777777778 0.62241898125 0.8887037027777778 0.6348726859375 0.8777572027777778 0.636284721875 0.8416666666666667 0.6252314812499999 0.8137448555555555
0 0.52149305625 0.2901851861111111 0.520034721875 0.3151646083333333 0.5342129625 0.34312757222222223 0.5560300921875 0.32952675000000003 0.5574421296875001 0.2934362138888889 0.5448611109375 0.2738271611111111 0.52149305625 0.2901851861111111
0 0.23865347187500002 1 0.28224537031249997 0.9925514416666666 0.2835763890625 0.937016461111111 0.27100694375 0.9201851861111111 0.25695601875 0.9227777777777777 0.2368518515625 0.9725102888888889 0.23696639218749999 1 0.23865347187500002 1
0 0.7005324078124999 0.1369958861111111 0.6833333328125 0.13399176944444444 0.6599884265625 0.15590535 0.6601273140624999 0.18923868333333335 0.6727083328125001 0.20884773611111113 0.6867708328125001 0.20903292222222222 0.70069444375 0.175884775 0.702141203125 0.14812757222222223 0.7005324078124999 0.1369958861111111
0 0.73680555625 0.21802469166666666 0.749328703125 0.22374485555555554 0.7633333328125 0.21004115277777777 0.7631018515625 0.15448559722222222 0.735034721875 0.1680041138888889 0.73680555625 0.21802469166666666
0 0.351177715625 1 0.3540046296875 0.9657201638888889 0.3445254625 0.9405967083333334 0.3273148140625 0.934814813888889 0.3117708328125 0.9540534972222221 0.310441409375 1 0.351177715625 1
0 0.7677893515624999 0.15454732499999999 0.7381018515625 0.15415637777777777 0.7303356484375 0.16516460833333335 0.7305439812500001 0.21516460833333334 0.75710648125 0.21551440277777775 0.7570486109375001 0.20162551388888889 0.7679398140625 0.19065843611111113 0.7677893515624999 0.15454732499999999
0 0.31736111093749997 0.7958024694444443 0.30960648125 0.8095884777777778 0.3098495375 0.867921811111111 0.3395370375 0.8683127583333334 0.35194444375 0.8462551444444445 0.3439236109375 0.7961522638888889 0.31736111093749997 0.7958024694444443
0 0.2399074078125 0.955884775 0.23851851875 0.9975308638888889 0.2791203703125 0.9925102888888888 0.28997685156249997 0.9732098777777777 0.2896990734375 0.906543211111111 0.260034721875 0.9117078194444445 0.2399074078125 0.955884775
0 0.27412037031250003 0.1674897111111111 0.2693981484375 0.15909465 0.255277778125 0.145020575 0.236527778125 0.14477366388888888 0.23185185156250002 0.14748971111111112 0.231990740625 0.18082304444444444 0.24460648125 0.20876543333333333 0.258715278125 0.22006172777777777 0.2742708328125 0.20360082222222223 0.27412037031250003 0.1674897111111111
0 0.6973958328125 0.13417695555555556 0.66305555625 0.14205761388888888 0.656840278125 0.15030864166666666 0.6570023140625 0.18919753055555555 0.6726851859375 0.20329218055555556 0.6914236109375 0.20076131666666666 0.69913194375 0.1758641972222222 0.6973958328125 0.13417695555555556
0 0.5479745375 0.2710905361111111 0.5198495375000001 0.2707201638888889 0.52008101875 0.32627571944444445 0.5248032406250001 0.33467078055555555 0.5513773140625 0.33779835277777776 0.5558449078125001 0.2850823055555556 0.5479745375 0.2710905361111111
0 0.48027777812499994 0.14798353888888888 0.46770833281249996 0.1311522638888889 0.45208333281249996 0.13094650277777778 0.44430555624999996 0.13917695555555556 0.44451388906249995 0.18917695555555553 0.45709490781250006 0.20878600833333336 0.47428240781250003 0.20901234444444444 0.48511574062499996 0.18415637777777777 0.48027777812499994 0.14798353888888888
0 0.62679398125 0.8137654333333333 0.60335648125 0.813456788888889 0.595590278125 0.8244650194444445 0.5973148140625 0.8633744861111111 0.6208449078125 0.88590535 0.6379861109375 0.875020575 0.633090278125 0.8249588472222222 0.62679398125 0.8137654333333333
0 0.39289351875 0.9245679 0.3789236109375 0.946604938888889 0.37914351874999996 0.9993827166666667 0.41975694375000006 0.9971399166666667 0.41947916718749995 0.93047325 0.4147453703125 0.9193004111111112 0.39289351875 0.9245679
0 0.2267476859375 0.04742798333333333 0.25039351875000004 0.097736625 0.26290509218749997 0.10067901111111112 0.27999999999999997 0.07868312777777778 0.2798148140625 0.03423868333333334 0.25 0.0032921805555555556 0.23125 0.0030452666666666663 0.226608796875 0.014094650000000002 0.2267476859375 0.04742798333333333
0 0.36899305625 0.0631893 0.37532407343749996 0.08271605 0.38788194374999996 0.09676954722222222 0.40659722187499997 0.08868312777777777 0.4143171296875 0.0665637861111111 0.412615740625 0.03320987777777778 0.396875 0.005226336111111111 0.3734375 0.004917694444444444 0.368796296875 0.015967077777777776 0.36899305625 0.0631893
0 0.3222453703125 0.09312757222222222 0.34087962968749996 0.06559670833333334 0.3407291671875 0.029485597222222222 0.3140625 0.004135802777777777 0.296875 0.003909463888888889 0.298715278125 0.07059670833333334 0.3222453703125 0.09312757222222222
0 0.5253125 0.08191358055555556 0.5503356484374999 0.08779835277777777 0.5674305562499999 0.06580246944444444 0.5640625 0.007427983333333333 0.5125 0.006748972222222222 0.5111458328125 0.05672839444444445 0.5253125 0.08191358055555556