0 0.7703125 0.7166666666666667 0.7765625 0.7055555555555556 0.7734375 0.6777777777777778 0.7609375 0.6555555555555556 0.74375 0.6583333333333333 0.7375 0.6666666666666666 0.7375 0.7166666666666667 0.75 0.725 0.7703125 0.7166666666666667
0 0.2515625 0.7916666666666666 0.2359375 0.7916666666666666 0.225 0.8083333333333333 0.2234375 0.8555555555555555 0.259375 0.85 0.2609375 0.8055555555555556 0.2515625 0.7916666666666666
0 0.628125 0.8777777777777778 0.634375 0.8638888888888889 0.634375 0.8222222222222222 0.628125 0.8055555555555556 0.6046875 0.8027777777777778 0.59375 0.8166666666666667 0.59375 0.8555555555555555 0.6140625 0.8777777777777778 0.628125 0.8777777777777778
0 0.340625 0.019444444444444445 0.3234375 0.002777777777777778 0.3 0.008333333333333333 0.3015625 0.07777777777777778 0.321875 0.08333333333333333 0.340625 0.06666666666666667 0.340625 0.019444444444444445
0 0.621875 0.07777777777777778 0.6296875 0.06388888888888888 0.6296875 0.002777777777777778 0.59375 0.005555555555555556 0.5859375 0.016666666666666666 0.5859375 0.06388888888888888 0.603125 0.08055555555555556 0.621875 0.07777777777777778
0 0.5484375 0.20277777777777778 0.5546875 0.19166666666666668 0.5546875 0.14166666666666666 0.54375 0.12777777777777777 0.525 0.13333333333333333 0.51875 0.14166666666666666 0.51875 0.19444444444444445 0.53125 0.20555555555555555 0.5484375 0.20277777777777778
0 0.7109375 0.8583333333333333 0.7109375 0.8222222222222222 0.7046875 0.8055555555555556 0.6796875 0.8 0.6734375 0.8083333333333333 0.675 0.8555555555555555 0.6875 0.8666666666666667 0.70625 0.8666666666666667 0.7109375 0.8583333333333333
0 0.3984375 0.8777777777777778 0.409375 0.8666666666666667 0.4109375 0.8166666666666667 0.4 0.8055555555555556 0.38125 0.8083333333333333 0.375 0.8194444444444444 0.375 0.8694444444444445 0.38125 0.8777777777777778 0.3984375 0.8777777777777778
0 0.49375 0.030555555555555555 0.4859375 0.005555555555555556 0.44375 0.005555555555555556 0.44375 0.075 0.471875 0.09166666666666666 0.4921875 0.06666666666666667 0.49375 0.030555555555555555
0 0.3984375 0.18888888888888888 0.3984375 0.15 0.3828125 0.13055555555555556 0.3625 0.13055555555555556 0.3609375 0.18888888888888888 0.36875 0.20277777777777778 0.390625 0.20277777777777778 0.3984375 0.18888888888888888
0 0.49375 0.9527777777777777 0.4859375 0.9305555555555556 0.4484375 0.9305555555555556 0.4421875 0.9416666666666667 0.4421875 0.9916666666666667 0.4921875 0.9888888888888889 0.49375 0.9527777777777777
0 0.5671875 0.9888888888888889 0.5671875 0.9472222222222222 0.546875 0.9138888888888889 0.5203125 0.9166666666666666 0.5171875 0.9388888888888889 0.5125 0.9416666666666667 0.5140625 0.9944444444444445 0.5671875 0.9888888888888889
0 0.6359375 0.9444444444444444 0.628125 0.9305555555555556 0.6046875 0.9305555555555556 0.596875 0.9416666666666667 0.596875 0.9888888888888889 0.6375 0.9944444444444445 0.6359375 0.9444444444444444
0 0.5609375 0.8583333333333333 0.5609375 0.8305555555555556 0.55 0.8138888888888889 0.525 0.8194444444444444 0.5234375 0.8666666666666667 0.5375 0.8888888888888888 0.5484375 0.8888888888888888 0.5609375 0.8583333333333333
0 0.328125 0.20277777777777778 0.3359375 0.19166666666666668 0.340625 0.15555555555555556 0.3296875 0.13055555555555556 0.296875 0.13333333333333333 0.29375 0.16666666666666666 0.3046875 0.17777777777777778 0.3140625 0.20555555555555555 0.328125 0.20277777777777778
0 0.7734375 0.9638888888888889 0.7546875 0.9166666666666666 0.73125 0.9166666666666666 0.725 0.925 0.721875 0.975 0.73125 0.9916666666666667 0.7734375 0.9916666666666667 0.7734375 0.9638888888888889
0 0.3484375 0.9472222222222222 0.340625 0.9333333333333333 0.3125 0.9333333333333333 0.30625 0.9416666666666667 0.30625 0.9916666666666667 0.3484375 0.9888888888888889 0.3484375 0.9472222222222222
0 0.725 0.005555555555555556 0.725 0.016666666666666666 0.73125 0.019444444444444445 0.725 0.030555555555555555 0.725 0.06944444444444445 0.7296875 0.08055555555555556 0.7375 0.09166666666666666 0.7546875 0.09166666666666666 0.7671875 0.075 0.7703125 0.005555555555555556 0.75625 0.005555555555555556 0.7546875 0.016666666666666666 0.74375 0.005555555555555556 0.725 0.005555555555555556
0 0.3484375 0.85 0.3484375 0.8166666666666667 0.3375 0.7944444444444444 0.3140625 0.7944444444444444 0.30625 0.8055555555555556 0.30625 0.8666666666666667 0.334375 0.8666666666666667 0.3484375 0.85
0 0.2859375 0.975 0.284375 0.9027777777777778 0.2609375 0.9055555555555556 0.24375 0.9305555555555556 0.234375 0.9583333333333334 0.234375 0.9944444444444445 0.2671875 0.9944444444444445 0.2859375 0.975
0 0.25 0.21388888888888888 0.2609375 0.21388888888888888 0.2703125 0.20277777777777778 0.2734375 0.1638888888888889 0.2546875 0.14166666666666666 0.2359375 0.14166666666666666 0.23125 0.14444444444444443 0.23125 0.17777777777777778 0.240625 0.2 0.25 0.21388888888888888
0 0.7609375 0.6611111111111111 0.7390625 0.6722222222222223 0.740625 0.7138888888888889 0.778125 0.7111111111111111 0.778125 0.6944444444444444 0.7609375 0.6611111111111111
0 0.296875 0 0.296875 0.058333333333333334 0.3015625 0.075 0.321875 0.08888888888888889 0.3359375 0.075 0.3421875 0.03611111111111111 0.3171875 0 0.296875 0
0 0.6203125 0.08055555555555556 0.63125 0.05555555555555555 0.63125 0 0.5953125 0.008333333333333333 0.5875 0.03333333333333333 0.5921875 0.06944444444444445 0.6015625 0.08333333333333333 0.6203125 0.08055555555555556
0 0.6984375 0.8 0.675 0.8111111111111111 0.6734375 0.8555555555555555 0.696875 0.8722222222222222 0.7125 0.8555555555555555 0.6984375 0.8
0 0.6984375 0.9194444444444444 0.6734375 0.9111111111111111 0.6625 0.9361111111111111 0.6609375 0.9638888888888889 0.671875 0.9888888888888889 0.70625 0.9972222222222222 0.6984375 0.9194444444444444
0 0.44375 0 0.440625 0.05555555555555555 0.453125 0.08611111111111111 0.475 0.09166666666666666 0.496875 0.058333333333333334 0.496875 0.03333333333333333 0.484375 0 0.44375 0
0 0.7765625 0.975 0.7546875 0.9222222222222223 0.734375 0.9194444444444444 0.7203125 0.95 0.71875 0.9638888888888889 0.7296875 0.9861111111111112 0.775 0.9944444444444445 0.7765625 0.975
0 0.278125 0.07222222222222222 0.278125 0.030555555555555555 0.253125 0 0.2265625 0.005555555555555556 0.2265625 0.044444444444444446 0.2515625 0.09166666666666666 0.26875 0.08888888888888889 0.278125 0.07222222222222222
0 0.559375 0.06666666666666667 0.559375 0 0.5140625 0.008333333333333333 0.5140625 0.05277777777777778 0.5234375 0.075 0.54375 0.08055555555555556 0.559375 0.06666666666666667
0 0.6625 0 0.65 0.019444444444444445 0.6484375 0.05 0.6578125 0.075 0.6703125 0.08333333333333333 0.6859375 0.075 0.6953125 0 0.6625 0
0 0.4125 0.06666666666666667 0.4125 0.03611111111111111 0.396875 0 0.3734375 0.005555555555555556 0.3703125 0.03611111111111111 0.3765625 0.08055555555555556 0.4015625 0.08611111111111111 0.4125 0.06666666666666667
0 0.7625 0.15555555555555556 0.7359375 0.15833333333333333 0.7359375 0.18611111111111112 0.746875 0.19722222222222222 0.7625 0.18333333333333332 0.7625 0.15555555555555556
0 0.7 0.13333333333333333 0.6703125 0.13333333333333333 0.6609375 0.15 0.6625 0.18333333333333332 0.6828125 0.2 0.69375 0.18333333333333332 0.7 0.13333333333333333
0 0.75 0 0.7265625 0.03333333333333333 0.728125 0.07222222222222222 0.7484375 0.09444444444444444 0.7625 0.08333333333333333 0.778125 0.041666666666666664 0.7796875 0.016666666666666666 0.775 0 0.75 0
0 0.4734375 0.20277777777777778 0.484375 0.17777777777777778 0.4796875 0.14166666666666666 0.4671875 0.125 0.4515625 0.125 0.44375 0.13333333333333333 0.44375 0.18055555555555555 0.45625 0.20277777777777778 0.4734375 0.20277777777777778
0 0.55 0.33055555555555555 0.5546875 0.2777777777777778 0.546875 0.2638888888888889 0.5203125 0.2638888888888889 0.5203125 0.31666666666666665 0.5265625 0.33055555555555555 0.55 0.33055555555555555
0 0.6984375 0.16666666666666666 0.6984375 0.12777777777777777 0.675 0.125 0.6625 0.13333333333333333 0.659375 0.18055555555555555 0.671875 0.19444444444444445 0.690625 0.19166666666666668 0.6984375 0.16666666666666666
0 0.753125 0.21388888888888888 0.7671875 0.17777777777777778 0.76875 0.15555555555555556 0.7640625 0.14166666666666666 0.7390625 0.14166666666666666 0.728125 0.15555555555555556 0.728125 0.20555555555555555 0.73125 0.21388888888888888 0.753125 0.21388888888888888
0 0.4171875 0.9888888888888889 0.415625 0.925 0.4109375 0.9138888888888889 0.3890625 0.9194444444444444 0.375 0.9416666666666667 0.375 0.9944444444444445 0.4125 0.9944444444444445 0.4171875 0.9888888888888889
0 0.3671875 0 0.36875 0.030555555555555555 0.3796875 0.075 0.4046875 0.08055555555555556 0.415625 0.058333333333333334 0.415625 0.041666666666666664 0.4046875 0.019444444444444445 0.39375 0.013888888888888888 0.39375 0 0.3671875 0
0 0.4765625 0.5833333333333334 0.4796875 0.5555555555555556 0.46875 0.5305555555555556 0.4515625 0.5277777777777778 0.440625 0.5444444444444444 0.4375 0.5638888888888889 0.4484375 0.5972222222222222 0.4640625 0.6 0.4765625 0.5833333333333334