0 0.7731134265625 0.6722222222222223 0.76366898125 0.6555555555555556 0.7464930562500001 0.6583333333333333 0.7402777781250001 0.6666666666666666 0.7404861109375 0.7166666666666667 0.7530208328125 0.725 0.7748611109375 0.7166666666666667 0.7778703703125001 0.6888888888888889 0.7731134265625 0.6722222222222223
0 0.2407986109375 0.7916666666666666 0.22835648125 0.8055555555555556 0.22700231406250002 0.8555555555555555 0.25356481406250003 0.8555555555555555 0.26444444375 0.8416666666666667 0.26429398125 0.8055555555555556 0.2532986109375 0.7916666666666666 0.2407986109375 0.7916666666666666
0 0.47400462968749996 0.1361111111111111 0.45211805624999996 0.13333333333333333 0.447615740625 0.17777777777777778 0.45707175937500005 0.19722222222222222 0.47427083281250004 0.2 0.4820138890625 0.18333333333333332 0.481909721875 0.15833333333333333 0.47400462968749996 0.1361111111111111
0 0.5442824078124999 0.12777777777777777 0.5333449078125 0.12777777777777777 0.5178356484375 0.15555555555555556 0.5179745375 0.18888888888888888 0.5336921296875 0.2111111111111111 0.5461805562500001 0.20833333333333334 0.5585763890625 0.18333333333333332 0.5584953703125 0.1638888888888889 0.5442824078124999 0.12777777777777777
0 0.54898148125 0.13055555555555556 0.5317824078125 0.12777777777777777 0.5193402781249999 0.14166666666666666 0.5179629625 0.18611111111111112 0.5242824078125 0.20277777777777778 0.5430439812500001 0.20555555555555555 0.5554861109375 0.19166666666666668 0.555277778125 0.14166666666666666 0.54898148125 0.13055555555555556
0 0.2953125 0 0.29715277812499996 0.06666666666666667 0.31756944374999996 0.09166666666666666 0.3347106484375 0.08055555555555556 0.3424421296875 0.06111111111111111 0.3407291671875 0.025 0.3171875 0 0.2953125 0
0 0.3250115734375 0.002777777777777778 0.3015856484375 0.005555555555555556 0.3003240734375 0.07777777777777778 0.3346990734375 0.07777777777777778 0.34241898125 0.05555555555555555 0.342303240625 0.027777777777777776 0.33756944375 0.016666666666666666 0.3250115734375 0.002777777777777778
0 0.41434027812499996 0.8166666666666667 0.40335648125 0.8055555555555556 0.38773148125 0.8055555555555556 0.378402778125 0.8166666666666667 0.37862268593750004 0.8694444444444445 0.3849074078125 0.8777777777777778 0.4005324078125 0.8777777777777778 0.4145370375 0.8638888888888889 0.41434027812499996 0.8166666666666667
0 0.6 0 0.5876041671875 0.025 0.5877546296875 0.06111111111111111 0.600347221875 0.08333333333333333 0.617534721875 0.08333333333333333 0.63149305625 0.058333333333333334 0.6328125 0 0.6 0
0 0.6296990734375 0.002777777777777778 0.5937731484375 0.005555555555555556 0.58600694375 0.016666666666666666 0.586203703125 0.06388888888888888 0.6003356484375 0.08055555555555556 0.6237384265625 0.07222222222222222 0.62991898125 0.05555555555555555 0.6296990734375 0.002777777777777778
0 0.4421875 0 0.4392824078125 0.05277777777777778 0.4550578703125 0.08888888888888889 0.47694444375 0.09166666666666666 0.49866898125 0.05555555555555555 0.4985763890625 0.03333333333333333 0.484375 0 0.4421875 0
0 0.4484375 0 0.443784721875 0.008333333333333333 0.44406249999999997 0.075 0.46288194374999997 0.09166666666666666 0.48627314843749997 0.08055555555555556 0.4939699078125 0.05277777777777778 0.4859606484375 0.005555555555555556 0.4484375 0
0 0.6830208328125 0.8 0.6768055562499999 0.8083333333333333 0.6785648140625 0.8555555555555555 0.6911111109375 0.8666666666666667 0.7114120374999999 0.8638888888888889 0.7143865734375 0.8277777777777777 0.70804398125 0.8055555555555556 0.6830208328125 0.8
0 0.48355324062499994 0.9277777777777778 0.45231481406249996 0.9305555555555556 0.44611111093750005 0.9416666666666667 0.44631944375000004 0.9916666666666667 0.4963078703125 0.9888888888888889 0.49771990781250003 0.9527777777777777 0.49296296249999993 0.9361111111111111 0.48355324062499994 0.9277777777777778
0 0.7515625 0 0.7266898140625 0.030555555555555555 0.7284375 0.075 0.7363078703125 0.08888888888888889 0.75663194375 0.09166666666666666 0.7782986109375 0.041666666666666664 0.779722221875 0.008333333333333333 0.778125 0 0.7515625 0
0 0.725115740625 0.027777777777777776 0.7252893515625 0.06944444444444445 0.7300231484374999 0.08055555555555556 0.7378819437499999 0.09166666666666666 0.7535069437499999 0.09166666666666666 0.7643865734374999 0.07777777777777778 0.7705208328125 0.05 0.7703356484375 0.005555555555555556 0.7431481484375 0.005555555555555556 0.7359953703125 0.013888888888888888 0.7340856484375 0.005555555555555556 0.7250231484375 0.005555555555555556 0.72976851875 0.019444444444444445 0.725115740625 0.027777777777777776
0 0.7350694437499999 0.9166666666666666 0.7288541671875 0.925 0.7259490734375 0.9777777777777777 0.73538194375 0.9916666666666667 0.77756944375 0.9916666666666667 0.7774537031250001 0.9638888888888889 0.7585069437499999 0.9166666666666666 0.7350694437499999 0.9166666666666666
0 0.5506828703125 0.9138888888888889 0.5225694437499999 0.9166666666666666 0.5210995375 0.9388888888888889 0.5164236109375 0.9416666666666667 0.51663194375 0.9916666666666667 0.5713078703125001 0.9888888888888889 0.5711342593750001 0.9472222222222222 0.5506828703125 0.9138888888888889
0 0.6085648140625 0.9305555555555556 0.5976736109375 0.9416666666666667 0.5978703703125 0.9888888888888889 0.64008101875 0.9944444444444445 0.6398726859375 0.9444444444444444 0.6320023140625 0.9305555555555556 0.6085648140625 0.9305555555555556
0 0.2990393515625 0.14444444444444443 0.310196759375 0.19722222222222222 0.3180324078125 0.20277777777777778 0.3335995375 0.18888888888888888 0.3271875 0.15 0.314641203125 0.1388888888888889 0.2990393515625 0.14444444444444443
0 0.388090278125 0.14166666666666666 0.36619212968750003 0.1361111111111111 0.3617013890625 0.18333333333333332 0.37429398125 0.20555555555555555 0.3883333328125 0.2 0.3976273140625 0.18055555555555555 0.3959953703125 0.1638888888888889 0.388090278125 0.14166666666666666
0 0.391203703125 0.1388888888888889 0.38335648125 0.13055555555555556 0.3615046296875 0.1361111111111111 0.3633101859375 0.19444444444444445 0.3695949078125 0.20277777777777778 0.3867824078125 0.20277777777777778 0.3992245375 0.18888888888888888 0.3990740734375 0.1527777777777778 0.391203703125 0.1388888888888889
0 0.553391203125 0.8138888888888889 0.528402778125 0.8166666666666667 0.5270486109375 0.8666666666666667 0.541203703125 0.8888888888888888 0.5521412031249999 0.8888888888888888 0.5645023140625 0.8555555555555555 0.5643981484375 0.8305555555555556 0.553391203125 0.8138888888888889
0 0.2633333328125 0.2 0.2570023140625 0.18055555555555555 0.2476273140625 0.18055555555555555 0.2430208328125 0.2 0.2633333328125 0.2
0 0.25695601875 0.16944444444444445 0.2475 0.15 0.2365740734375 0.1527777777777778 0.236678240625 0.17777777777777778 0.25695601875 0.16944444444444445
0 0.33653935156250003 0.14444444444444443 0.3270949078125 0.12777777777777777 0.30209490781250004 0.12777777777777777 0.29743055625000003 0.13333333333333333 0.300740740625 0.17777777777777778 0.31335648125 0.20555555555555555 0.3305324078125 0.20277777777777778 0.3382523140625 0.18055555555555555 0.33653935156250003 0.14444444444444443
0 0.3454861109375 0.7916666666666666 0.31736111093749997 0.7916666666666666 0.30961805625 0.8083333333333333 0.3098495375 0.8638888888888889 0.3395486109375 0.8666666666666667 0.34886574062500003 0.8527777777777777 0.35184027812499996 0.8166666666666667 0.34554398124999997 0.8055555555555556 0.3454861109375 0.7916666666666666
0 0.2742476859375 0.19444444444444445 0.27412037031250003 0.1638888888888889 0.2599768515625 0.14444444444444443 0.236527778125 0.14166666666666666 0.23185185156250002 0.14444444444444443 0.231990740625 0.17777777777777778 0.2383333328125 0.2 0.25246527812499997 0.21666666666666667 0.26960648125 0.20555555555555555 0.2742476859375 0.19444444444444445
0 0.3163888890625 0.9333333333333333 0.3101736109375 0.9416666666666667 0.31038194375 0.9916666666666667 0.35255787031249997 0.9888888888888889 0.352384259375 0.9472222222222222 0.3445138890625 0.9333333333333333 0.3163888890625 0.9333333333333333
0 0.25381944375 0.9166666666666666 0.2399074078125 0.9527777777777777 0.23851851875 0.9944444444444445 0.27600694375 0.9916666666666667 0.289965278125 0.9666666666666667 0.289722221875 0.9083333333333333 0.26471064843750003 0.9055555555555556 0.25381944375 0.9166666666666666
0 0.46770833281249996 0.125 0.4505324078125 0.12777777777777777 0.44766203750000005 0.18888888888888888 0.45709490781250006 0.20277777777777778 0.47271990781250006 0.20277777777777778 0.48048611093750004 0.19166666666666668 0.48502314843749994 0.15555555555555556 0.46770833281249996 0.125
0 0.5354861109375 0.26666666666666666 0.5261574078125 0.2777777777777778 0.5263541671875 0.325 0.5342129625 0.33611111111111114 0.5498263890625 0.3333333333333333 0.559097221875 0.30833333333333335 0.5527083328125 0.275 0.5354861109375 0.26666666666666666
0 0.5495486109375001 0.26666666666666666 0.5198611109375 0.26666666666666666 0.52006944375 0.31666666666666665 0.55131944375 0.31666666666666665 0.5559606484375 0.3055555555555556 0.55585648125 0.28055555555555556 0.5495486109375001 0.26666666666666666
0 0.7350231484374999 0.15555555555555556 0.7320138890625 0.18333333333333332 0.7367939812500001 0.20555555555555555 0.7477662031250001 0.21388888888888888 0.763321759375 0.19722222222222222 0.7631018515625 0.14444444444444443 0.7350231484374999 0.15555555555555556
0 0.66930555625 0.13333333333333333 0.6615624999999999 0.15 0.6616898140624999 0.18055555555555555 0.6852083328125 0.2 0.6945254624999999 0.18611111111111112 0.702141203125 0.1388888888888889 0.6848958328125 0.125 0.66930555625 0.13333333333333333
0 0.7677893515624999 0.14444444444444443 0.739652778125 0.14166666666666666 0.7303240734374999 0.1527777777777778 0.7289583328125 0.2 0.73680555625 0.20833333333333334 0.7571180562500001 0.20833333333333334 0.757071759375 0.19722222222222222 0.767928240625 0.17777777777777778 0.7677893515624999 0.14444444444444443
0 0.6989699078125 0.12777777777777777 0.6755208328125 0.125 0.66305555625 0.13333333333333333 0.656840278125 0.14166666666666666 0.6570023140625 0.18055555555555555 0.6726851859375 0.19444444444444445 0.6914236109375 0.19166666666666668 0.69913194375 0.16666666666666666 0.6989699078125 0.12777777777777777
0 0.40224537031249996 0.9138888888888889 0.3851273140625 0.9305555555555556 0.3789236109375 0.9416666666666667 0.37914351874999996 0.9944444444444445 0.42130787031250005 0.9888888888888889 0.42109953750000007 0.9388888888888889 0.4147453703125 0.9138888888888889 0.40224537031249996 0.9138888888888889
0 0.47725694374999994 0.5416666666666666 0.46469907343749994 0.5277777777777778 0.44909722187499995 0.5333333333333333 0.4413541671875 0.55 0.44304398125000005 0.5805555555555556 0.4540509265625 0.5972222222222222 0.4696759265625 0.5972222222222222 0.47895833281250005 0.575 0.47725694374999994 0.5416666666666666
0 0.6625 0 0.65006944375 0.016666666666666666 0.6486458328125 0.05 0.658125 0.075 0.670659721875 0.08333333333333333 0.68625 0.075 0.6953125 0 0.6625 0
0 0.36875 0 0.3690046296875 0.06111111111111111 0.3753356484375 0.08055555555555556 0.38631944375 0.09166666666666666 0.4034953703125 0.08888888888888889 0.4143171296875 0.06111111111111111 0.412615740625 0.027777777777777776 0.396875 0 0.36875 0
0 0.7033449078125 0.8027777777777778 0.6861458328125 0.8 0.676828703125 0.8138888888888889 0.6754050921875 0.8472222222222222 0.6817129625 0.8611111111111112 0.6973726859375 0.8694444444444445 0.7145254624999999 0.8611111111111112 0.7160300921875 0.8472222222222222 0.7033449078125 0.8027777777777778
0 0.69913194375 0.9166666666666666 0.6819212968749999 0.9111111111111111 0.6679398140624999 0.9305555555555556 0.664953703125 0.9638888888888889 0.671284721875 0.9833333333333333 0.6885300921875 0.9972222222222222 0.7119675921875 0.9972222222222222 0.710196759375 0.9472222222222222 0.69913194375 0.9166666666666666
0 0.62679398125 0.8055555555555556 0.6127199078125 0.8027777777777778 0.5987384265625 0.8222222222222222 0.5972916671874999 0.85 0.6036111109375 0.8666666666666667 0.6208564812499999 0.8805555555555555 0.6348842593749999 0.8722222222222222 0.63625 0.825 0.62679398125 0.8055555555555556
0 0.6163773140625 0.9305555555555556 0.6023842593750001 0.9472222222222222 0.5994097218750001 0.9833333333333333 0.6041550921875001 0.9972222222222222 0.6432175921875001 0.9972222222222222 0.6399074078125 0.9527777777777777 0.6304513890625 0.9333333333333333 0.6163773140625 0.9305555555555556
0 0.228125 0 0.2251620375 0.03888888888888889 0.24410879687499998 0.08611111111111111 0.2597800921875 0.09722222222222222 0.27999999999999997 0.075 0.2798148140625 0.030555555555555555 0.253125 0 0.228125 0
0 0.5140625 0 0.509421296875 0.011111111111111112 0.5095833328125 0.05 0.531597221875 0.08333333333333333 0.547222221875 0.08333333333333333 0.5658449078125 0.05277777777777778 0.5625 0 0.5140625 0