0 0.7703125 0.6925102888888889 0.7609375 0.6755967083333333 0.74375 0.677921811111111 0.7375 0.6860905361111111 0.7375 0.7360905361111111 0.75 0.7447530861111111 0.771875 0.7369958861111111 0.775 0.7093004111111111 0.7703125 0.6925102888888889
0 0.2375 0.797921811111111 0.225 0.8114814805555556 0.2234375 0.8614403305555556 0.25 0.8621399166666666 0.2609375 0.8485390944444444 0.2609375 0.8124279833333332 0.25 0.7982510277777777 0.2375 0.797921811111111
0 0.4734375 0.1485802472222222 0.4515625 0.1452263361111111 0.446875 0.189547325 0.45625 0.20923868333333331 0.4734375 0.21246913611111112 0.48125 0.19600823055555555 0.48125 0.17100823055555556 0.4734375 0.1485802472222222
0 0.54375 0.14209876666666665 0.5328125 0.14181069999999998 0.5171875 0.16917695555555554 0.5171875 0.2025102888888889 0.5328125 0.22514403333333333 0.5453125 0.22269547222222225 0.5578125 0.19802469166666667 0.5578125 0.1785802472222222 0.54375 0.14209876666666665
0 0.5484375 0.14500000000000002 0.53125 0.1417695472222222 0.51875 0.15532921944444444 0.5171875 0.19973251111111112 0.5234375 0.21656378611111113 0.5421875 0.21983539166666669 0.5546875 0.20627571944444445 0.5546875 0.15627571944444443 0.5484375 0.14500000000000002
0 0.3171875 0.100020575 0.334375 0.08936213888888889 0.3421875 0.07012345555555556 0.340625 0.03397119444444444 0.3171875 0.008353908333333333 0.2953125 0.0077777777777777776 0.296875 0.07448559722222223 0.3171875 0.100020575
0 0.325 0.011337447222222222 0.3015625 0.013497941666666666 0.3 0.0856790111111111 0.334375 0.0865843611111111 0.3421875 0.0645679 0.3421875 0.03679012222222222 0.3375 0.025555555555555554 0.325 0.011337447222222222
0 0.4109375 0.8274897111111111 0.4 0.8160905361111112 0.384375 0.8156790111111112 0.375 0.8265432111111112 0.375 0.879320988888889 0.38125 0.8878189305555556 0.396875 0.8882304527777778 0.4109375 0.8747119333333333 0.4109375 0.8274897111111111
0 0.5875 0.07658436111111111 0.6 0.09913580277777778 0.6171875 0.09958847777777778 0.63125 0.07495884722222222 0.6328125 0.016666666666666666 0.6 0.015802469444444443 0.5875 0.04047325 0.5875 0.07658436111111111
0 0.6296875 0.019362138888888887 0.59375 0.021193416666666666 0.5859375 0.03209876666666667 0.5859375 0.07932098888888889 0.6 0.09635802500000001 0.6234375 0.088641975 0.6296875 0.07213991666666666 0.6296875 0.019362138888888887
0 0.4546875 0.10086419722222222 0.4765625 0.10421810833333332 0.4984375 0.06868312777777778 0.4984375 0.04646090555555556 0.484375 0.012757202777777778 0.4421875 0.011646091666666665 0.4390625 0.0643415638888889 0.4546875 0.10086419722222222
0 0.4484375 0.0118107 0.44375 0.020020575 0.44375 0.08668724166666666 0.4625 0.10384773611111112 0.4859375 0.09335390833333333 0.49375 0.06578189166666668 0.4859375 0.018353908333333335 0.4484375 0.0118107
0 0.6796875 0.8179012333333333 0.6734375 0.8260699583333333 0.675 0.8733333333333333 0.6875 0.884773663888889 0.7078125 0.8825308638888889 0.7109375 0.8465020583333334 0.7046875 0.824115225 0.6796875 0.8179012333333333
0 0.4922677203125 1 0.49375 0.9657818916666667 0.4890625 0.9489917694444445 0.4796875 0.9404115222222222 0.4484375 0.9423662555555555 0.4421875 0.9533127583333333 0.4421875 1 0.4922677203125 1
0 0.728125 0.09417695555555555 0.7359375 0.10827160555555555 0.75625 0.11158436111111111 0.778125 0.06216049444444444 0.7796875 0.02886831388888889 0.778125 0.02049382777777778 0.7515625 0.01979423888888889 0.7265625 0.04969135833333333 0.728125 0.09417695555555555
0 0.725 0.04687242777777778 0.725 0.08853909444444444 0.7296875 0.09977366388888889 0.7375 0.11109053611111111 0.753125 0.11150205833333333 0.7640625 0.09790123333333334 0.7703125 0.07028806666666666 0.7703125 0.02584362222222222 0.743125 0.02512757222222222 0.7359375 0.033271605555555556 0.7340625000000001 0.02488888888888889 0.725 0.024650205555555558 0.7296875 0.038662552777777776 0.725 0.04687242777777778
0 0.7734375 1 0.7734375 0.9842592583333333 0.7546875 0.936543211111111 0.73125 0.935925925 0.725 0.94409465 0.721875 0.9967901222222223 0.724003821875 1 0.7734375 1
0 0.5671875 1 0.5671875 0.9621604944444444 0.546875 0.9282921805555555 0.51875 0.9303292194444445 0.5171875 0.9525102888888889 0.5125 0.9551646083333334 0.5125 1 0.5671875 1
0 0.6359375 1 0.6359375 0.9611934166666667 0.628125 0.9470987666666667 0.6046875 0.9464814805555556 0.59375 0.9573045277777779 0.59375 1 0.6359375 1
0 0.2984375 0.15230452777777778 0.309375 0.20537036944444445 0.3171875 0.2111316861111111 0.3328125 0.19765432222222223 0.3265625 0.15860082222222222 0.3140625 0.14716049444444446 0.2984375 0.15230452777777778
0 0.3875 0.15187242777777776 0.365625 0.14574074166666667 0.3609375 0.19283950555555557 0.3734375 0.2153909472222222 0.3875 0.2102057611111111 0.396875 0.19100823055555555 0.3953125 0.1743004111111111 0.3875 0.15187242777777776
0 0.390625 0.14917695555555557 0.3828125 0.1406378611111111 0.3609375 0.14561728333333332 0.3625 0.20399176944444444 0.36875 0.21248971111111112 0.3859375 0.21294238611111113 0.3984375 0.19938271666666665 0.3984375 0.16327160555555556 0.390625 0.14917695555555557
0 0.55 0.8283744861111111 0.525 0.8304938277777778 0.5234375 0.880452675 0.5375 0.9030452666666666 0.5484375 0.9033333333333333 0.5609375 0.8703292194444444 0.5609375 0.8453292194444444 0.55 0.8283744861111111
0 0.2625 0.20691358055555556 0.25625 0.18730452777777779 0.246875 0.18705761388888886 0.2421875 0.2063786 0.2625 0.20691358055555556
0 0.25625 0.17619341666666669 0.246875 0.15650205833333333 0.2359375 0.15899176944444446 0.2359375 0.18399176944444445 0.25625 0.17619341666666669
0 0.3359375 0.15329218055555555 0.3265625 0.13637860000000002 0.3015625 0.13572016388888888 0.296875 0.1411522638888889 0.3 0.1856790111111111 0.3125 0.21378600833333333 0.3296875 0.21146090555555558 0.3375 0.18944444444444444 0.3359375 0.15329218055555555
0 0.3421875 0.8006790111111111 0.3140625 0.7999382722222222 0.30625 0.8163991777777778 0.30625 0.8719547333333334 0.3359375 0.8755144027777777 0.3453125 0.8618724277777777 0.3484375 0.8258436222222222 0.3421875 0.8145679 0.3421875 0.8006790111111111
0 0.2734375 0.20164609166666664 0.2734375 0.1710905361111111 0.259375 0.15127571944444446 0.2359375 0.14788065833333333 0.23125 0.15053498055555556 0.23125 0.18386831388888888 0.2375 0.20625514444444445 0.2515625 0.22329218055555558 0.26875 0.21263374444444444 0.2734375 0.20164609166666664
0 0.3125 0.9415637861111111 0.30625 0.9497325111111111 0.30625 0.9997325111111112 0.3484375 0.9980658444444444 0.3484375 0.9563991777777777 0.340625 0.9423045277777777 0.3125 0.9415637861111111
0 0.24730603125 1 0.271875 0.9988271611111111 0.2859375 0.9741975305555556 0.2859375 0.9158641972222222 0.2609375 0.9124279833333333 0.25 0.9232510277777777 0.2359375 0.9589917694444444 0.2343981703125 1 0.24730603125 1
0 0.4671875 0.1373045277777778 0.45 0.13962963055555555 0.446875 0.20065843611111112 0.45625 0.21479423888888888 0.471875 0.21520576111111112 0.4796875 0.2043004111111111 0.484375 0.16831275833333334 0.4671875 0.1373045277777778
0 0.534375 0.2807407416666666 0.525 0.2916049388888889 0.525 0.3388271611111111 0.5328125 0.3501440333333333 0.5484375 0.3477777777777778 0.5578125 0.32302469166666664 0.5515625 0.28952675 0.534375 0.2807407416666666
0 0.5484375 0.28111111111111114 0.51875 0.28032921944444444 0.51875 0.33032921944444443 0.55 0.3311522638888889 0.5546875 0.3201646083333333 0.5546875 0.29516460833333336 0.5484375 0.28111111111111114
0 0.734375 0.17489711944444444 0.73125 0.20259259166666668 0.7359375 0.22493827222222224 0.746875 0.23355966944444442 0.7625 0.21730452777777778 0.7625 0.16452675 0.734375 0.17489711944444444
0 0.66875 0.15094650277777777 0.6609375 0.16740740833333334 0.6609375 0.19796296388888887 0.684375 0.21802469166666666 0.69375 0.20438271666666666 0.7015625 0.15736625555555556 0.684375 0.14302469166666668 0.66875 0.15094650277777777
0 0.7671875 0.16465020555555554 0.7390625 0.16113168611111112 0.7296875 0.1719958861111111 0.728125 0.21917695555555558 0.7359375 0.22771605 0.75625 0.22825102777777778 0.75625 0.21713991666666668 0.7671875 0.1979835388888889 0.7671875 0.16465020555555554
0 0.6984375 0.14617283888888888 0.675 0.14277777777777778 0.6625 0.15078189166666667 0.65625 0.15895061666666668 0.65625 0.19783950555555557 0.671875 0.21213991666666665 0.690625 0.20985596666666667 0.6984375 0.18506172777777777 0.6984375 0.14617283888888888
0 0.4160156375 1 0.4171875 0.9998765444444444 0.4171875 0.9498765444444445 0.4109375 0.9247119333333333 0.3984375 0.9243827166666667 0.38125 0.9405967083333334 0.375 0.9515432111111112 0.375 1 0.4160156375 1
0 0.475 0.5541769555555556 0.4625 0.5399588472222222 0.446875 0.5451028805555556 0.4390625 0.5615637861111111 0.440625 0.5921604944444444 0.4515625 0.609115225 0.4671875 0.60952675 0.4765625 0.5875514416666666 0.475 0.5541769555555556
0 0.6484375 0.06707818888888889 0.6578125 0.09232510277777778 0.6703125 0.10098765555555556 0.6859375 0.09306584444444445 0.6953125 0.01831275833333333 0.6625 0.017448558333333333 0.65 0.03378600833333333 0.6484375 0.06707818888888889
0 0.375 0.0904321 0.3859375 0.101831275 0.403125 0.09950617222222222 0.4140625 0.07201646111111111 0.4125 0.038641975 0.396875 0.010452675 0.36875 0.009711933333333334 0.36875 0.07082304444444444 0.375 0.0904321
0 0.7 0.8212139916666668 0.6828125 0.8179835388888889 0.6734375 0.8316255138888888 0.671875 0.8649176944444444 0.678125 0.8789711944444444 0.69375 0.8877160500000001 0.7109375 0.8798353916666667 0.7125 0.8659876555555556 0.7 0.8212139916666668
0 0.7073171515625 1 0.70625 0.9658230444444444 0.6953125 0.9349794250000001 0.678125 0.9289711944444444 0.6640625 0.9480452666666667 0.6609375 0.9812962972222222 0.6668989375 1 0.7073171515625 1
0 0.6234375 0.8219753083333333 0.609375 0.8188271611111111 0.5953125 0.8379012333333334 0.59375 0.8656378611111112 0.6 0.8824691361111111 0.6171875 0.8968107000000001 0.63125 0.8888477361111111 0.6328125 0.8416666666666667 0.6234375 0.8219753083333333
0 0.638076190625 1 0.6359375 0.96952675 0.6265625 0.9498353916666666 0.6125 0.9466872416666667 0.5984375 0.962983538888889 0.5953125 0.9990123444444445 0.595642896875 1 0.638076190625 1
0 0.24375 0.09253086388888888 0.259375 0.10405349722222224 0.2796875 0.08236625555555556 0.2796875 0.03792181111111111 0.253125 0.006666666666666666 0.228125 0.006008230555555555 0.225 0.04481481388888889 0.24375 0.09253086388888888
0 0.509375 0.06341563888888889 0.53125 0.09732510277777777 0.546875 0.097736625 0.565625 0.06767489722222222 0.5625 0.014814813888888887 0.5140625 0.013539094444444445 0.509375 0.02452675 0.509375 0.06341563888888889