0 0.44375 0 0.4421875 0.011111111111111112 0.440625 0.06388888888888888 0.4546875 0.09166666666666666 0.4796875 0.09166666666666666 0.496875 0.058333333333333334 0.496875 0.03888888888888889 0.484375 0 0.44375 0
0 0.23125 0 0.225 0.008333333333333333 0.225 0.04722222222222222 0.240625 0.06388888888888888 0.2546875 0.10833333333333334 0.2625 0.1111111111111111 0.2640625 0.09444444444444444 0.2796875 0.06666666666666667 0.2796875 0 0.23125 0
0 0.35625 0 0.3671875 0.013888888888888888 0.375 0.08333333333333333 0.3875 0.10555555555555556 0.390625 0.09166666666666666 0.4046875 0.08888888888888889 0.4078125 0.058333333333333334 0.41875 0.041666666666666664 0.415625 0.019444444444444445 0.4078125 0.016666666666666666 0.4046875 0 0.35625 0
0 0.75 0 0.746875 0.016666666666666666 0.7375 0.016666666666666666 0.7265625 0.03333333333333333 0.7234375 0.05277777777777778 0.73125 0.08055555555555556 0.7421875 0.09444444444444444 0.7578125 0.09166666666666666 0.778125 0.03611111111111111 0.778125 0.016666666666666666 0.7703125 0 0.75 0
0 0.5140625 0 0.5109375 0.027777777777777776 0.51875 0.06666666666666667 0.5328125 0.08888888888888889 0.54375 0.08888888888888889 0.55 0.06388888888888888 0.5609375 0.05277777777777778 0.5609375 0 0.5140625 0
0 0.29375 0 0.2984375 0.06944444444444445 0.309375 0.08888888888888889 0.328125 0.08888888888888889 0.340625 0.06666666666666667 0.340625 0.030555555555555555 0.3265625 0.011111111111111112 0.3265625 0 0.29375 0
0 0.6 0 0.5921875 0.016666666666666666 0.5875 0.03333333333333333 0.5921875 0.075 0.603125 0.08611111111111111 0.6203125 0.08333333333333333 0.63125 0.058333333333333334 0.634375 0 0.6 0
0 0.496875 0.9805555555555555 0.4984375 0.9694444444444444 0.48125 0.9333333333333333 0.4609375 0.9277777777777778 0.4421875 0.9472222222222222 0.4390625 0.9833333333333333 0.44375 0.9972222222222222 0.4921875 0.9972222222222222 0.496875 0.9805555555555555
0 0.6828125 0.9972222222222222 0.7015625 0.9972222222222222 0.70625 0.9805555555555555 0.7015625 0.9305555555555556 0.6859375 0.9166666666666666 0.665625 0.925 0.6515625 0.9555555555555556 0.653125 0.9777777777777777 0.6609375 0.9666666666666667 0.671875 0.9916666666666667 0.6828125 0.9972222222222222
0 0.775 0.9722222222222222 0.7640625 0.9638888888888889 0.7609375 0.9388888888888889 0.7515625 0.9361111111111111 0.7484375 0.9222222222222223 0.734375 0.9222222222222223 0.7140625 0.9583333333333334 0.71875 0.9694444444444444 0.7140625 0.9972222222222222 0.775 0.9916666666666667 0.775 0.9722222222222222
0 0.4671875 0.6 0.4765625 0.5833333333333334 0.4765625 0.55 0.465625 0.5305555555555556 0.4265625 0.5361111111111111 0.421875 0.5444444444444444 0.4234375 0.5722222222222222 0.4484375 0.6 0.4671875 0.6
0 0.4015625 0.8777777777777778 0.4125 0.8555555555555555 0.4125 0.8361111111111111 0.403125 0.8138888888888889 0.384375 0.8111111111111111 0.35625 0.8277777777777777 0.3578125 0.8638888888888889 0.371875 0.8638888888888889 0.3859375 0.8861111111111111 0.4015625 0.8777777777777778
0 0.2640625 0.9972222222222222 0.278125 0.9861111111111112 0.2796875 0.9305555555555556 0.2515625 0.9194444444444444 0.240625 0.9361111111111111 0.2375 0.9666666666666667 0.2265625 0.975 0.234375 0.9972222222222222 0.2640625 0.9972222222222222
0 0.640625 0 0.64375 0.044444444444444446 0.653125 0.06666666666666667 0.66875 0.08055555555555556 0.6859375 0.06944444444444445 0.684375 0 0.640625 0
0 0.6328125 0.8666666666666667 0.6328125 0.8277777777777777 0.621875 0.8083333333333333 0.603125 0.8083333333333333 0.58125 0.8361111111111111 0.5796875 0.8555555555555555 0.5875 0.8666666666666667 0.61875 0.8833333333333333 0.6328125 0.8666666666666667
0 0.54375 0.9305555555555556 0.5234375 0.9361111111111111 0.509375 0.9583333333333334 0.5125 0.9972222222222222 0.5609375 0.9972222222222222 0.5609375 0.9472222222222222 0.54375 0.9305555555555556
0 0.35625 0.9694444444444444 0.334375 0.9361111111111111 0.31875 0.9333333333333333 0.303125 0.95 0.3 0.9805555555555555 0.3046875 0.9972222222222222 0.35 0.9972222222222222 0.35625 0.9694444444444444
0 0.4828125 0.1388888888888889 0.465625 0.10833333333333334 0.4578125 0.10833333333333334 0.4453125 0.14444444444444443 0.446875 0.19444444444444445 0.465625 0.20277777777777778 0.48125 0.18888888888888888 0.4828125 0.1388888888888889
0 0.3328125 0.13333333333333333 0.3140625 0.11944444444444445 0.296875 0.14166666666666666 0.2984375 0.19444444444444445 0.3234375 0.20833333333333334 0.3375 0.17777777777777778 0.3328125 0.13333333333333333
0 0.559375 0.18333333333333332 0.54375 0.12777777777777777 0.5328125 0.125 0.5171875 0.15555555555555556 0.5171875 0.19444444444444445 0.528125 0.2111111111111111 0.54375 0.2111111111111111 0.559375 0.18333333333333332
0 0.5515625 0.8888888888888888 0.559375 0.8666666666666667 0.559375 0.8361111111111111 0.5453125 0.8166666666666667 0.528125 0.8222222222222222 0.5125 0.8388888888888889 0.521875 0.8722222222222222 0.540625 0.8944444444444445 0.5515625 0.8888888888888888
0 0.3984375 0.18611111111111112 0.3984375 0.15833333333333333 0.371875 0.125 0.359375 0.14444444444444443 0.359375 0.19166666666666668 0.36875 0.20833333333333334 0.3875 0.20833333333333334 0.3984375 0.18611111111111112
0 0.2625 0.21944444444444444 0.2734375 0.19722222222222222 0.271875 0.1638888888888889 0.2625 0.15 0.2359375 0.14444444444444443 0.2296875 0.17222222222222222 0.2390625 0.20555555555555555 0.25 0.21944444444444444 0.2625 0.21944444444444444
0 0.403125 0.9388888888888889 0.384375 0.9388888888888889 0.3734375 0.9527777777777777 0.3734375 0.9972222222222222 0.41875 0.9972222222222222 0.4203125 0.9611111111111111 0.403125 0.9388888888888889
0 0.2625 0.8166666666666667 0.25 0.7972222222222223 0.2328125 0.7972222222222223 0.215625 0.8138888888888889 0.221875 0.8638888888888889 0.2578125 0.8555555555555555 0.2625 0.8166666666666667
0 0.6375 0.9611111111111111 0.63125 0.9444444444444444 0.6140625 0.9333333333333333 0.5953125 0.9472222222222222 0.5921875 0.9805555555555555 0.596875 0.9972222222222222 0.6375 0.9972222222222222 0.6375 0.9611111111111111
0 0.696875 0.18333333333333332 0.7 0.14166666666666666 0.6953125 0.13333333333333333 0.6671875 0.13333333333333333 0.659375 0.14722222222222223 0.6578125 0.18055555555555555 0.66875 0.2 0.6859375 0.2 0.696875 0.18333333333333332
0 0.7078125 0.8694444444444445 0.7109375 0.8416666666666667 0.7015625 0.8083333333333333 0.6765625 0.8083333333333333 0.6625 0.8333333333333334 0.665625 0.8555555555555555 0.684375 0.8694444444444445 0.7078125 0.8694444444444445
0 0.340625 0.8611111111111112 0.3421875 0.8194444444444444 0.3375 0.8083333333333333 0.321875 0.8 0.3046875 0.8138888888888889 0.303125 0.8583333333333333 0.3078125 0.8722222222222222 0.3203125 0.875 0.340625 0.8611111111111112
0 0.778125 0.7138888888888889 0.7765625 0.6944444444444444 0.759375 0.6638888888888889 0.7453125 0.6638888888888889 0.73125 0.6888888888888889 0.73125 0.7083333333333334 0.7453125 0.7277777777777777 0.7703125 0.725 0.778125 0.7138888888888889
0 0.5578125 0.3055555555555556 0.5546875 0.2833333333333333 0.5453125 0.2777777777777778 0.54375 0.26666666666666666 0.53125 0.26666666666666666 0.5203125 0.2833333333333333 0.5171875 0.3055555555555556 0.5328125 0.33055555555555555 0.54375 0.33055555555555555 0.5578125 0.3055555555555556
0 0.7640625 0.16111111111111112 0.759375 0.1527777777777778 0.7234375 0.15555555555555556 0.7296875 0.18888888888888888 0.740625 0.19444444444444445 0.7578125 0.18055555555555555 0.7640625 0.16111111111111112