0 0.2829745375 0.23763374444444443 0.2657638890625 0.23440329166666668 0.246875 0.21724279722222223 0.2421875 0.2171193416666667 0.2267476859375 0.23893004166666668 0.22537037031249998 0.2611111111111111 0.230196759375 0.27790123333333333 0.2598148140625 0.33055555555555555 0.2718857765625 0.33055555555555555 0.28686342656249997 0.32938271666666663 0.296875 0.30367611666666666 0.296875 0.29207295 0.29402777812499997 0.2518107 0.2829745375 0.23763374444444443
0 0.271875 0.5100823055555556 0.2562731484375 0.5118312749999999 0.2456134265625 0.5444444444444444 0.2458449078125 0.5722222222222222 0.2568230046875 0.6055555555555555 0.2588446875 0.6055555555555555 0.28663194375 0.5943415638888889 0.2953125 0.5766024055555555 0.2953125 0.5335753944444445 0.2796875 0.5105967083333334 0.271875 0.5100823055555556
0 0.2625 0.6710905361111111 0.253125 0.6705967083333333 0.243865740625 0.6839917694444444 0.2317129625 0.725 0.231875 0.7444444444444445 0.241351475 0.775 0.2419975671875 0.775 0.2678356484375 0.749115225 0.2803125 0.7469958861111111 0.28125 0.7029924777777777 0.28125 0.6939026638888889 0.273483796875 0.6772222222222223 0.2625 0.6710905361111111
0 0.357071759375 0.22893004166666667 0.3265625 0.1836625527777778 0.321875 0.18353909444444444 0.3140625 0.20707792777777775 0.3140625 0.26638503888888887 0.3276606 0.2916666666666667 0.345577484375 0.2916666666666667 0.35633101875 0.27337448611111115 0.357071759375 0.22893004166666667
0 0.203125 0.9200617277777777 0.180277778125 0.9666666666666667 0.18065972187499998 0.9972222222222222 0.2174576375 0.9972222222222222 0.2289236109375 0.9846090527777777 0.23125 0.9532593083333334 0.23125 0.9479674361111111 0.215625 0.9203909472222221 0.203125 0.9200617277777777
0 0.636855159375 0 0.6254629625 0.0218107 0.6197916671875 0.05 0.628125 0.07448559722222223 0.6547453703125 0.07551440277777778 0.6692708328125 0.021707819444444446 0.67017161875 0 0.636855159375 0
0 0.3296875 0 0.3336458328125 0.05802469166666666 0.344375 0.07397119444444444 0.3584375 0.07304526666666668 0.37274305625 0.05267489722222222 0.37319444375 0.01656378611111111 0.3651603296875 0 0.3296875 0
0 0.25 0.8408514 0.25 0.8448334416666666 0.25127314843750004 0.8666049388888889 0.2590509265625 0.8746296305555555 0.282534721875 0.8625925916666668 0.291990740625 0.8427777777777777 0.2920949078125 0.8177777777777777 0.2803572171875 0.7972222222222223 0.2667504015625 0.7972222222222223 0.25618055625 0.813641975 0.25 0.8408514
0 0.705972221875 0.35335390833333336 0.69993055625 0.32827160555555557 0.68125 0.31969135833333334 0.6796875 0.31967078055555553 0.6670949078125 0.33061728333333334 0.6625 0.34898229166666667 0.6625 0.3553179472222222 0.6635763890625 0.3777983527777778 0.675801496875 0.39444444444444443 0.67636848125 0.39444444444444443 0.6947569437500001 0.38654321111111106 0.705972221875 0.35335390833333336
0 0.224340278125 0.8428189305555555 0.22319444375000003 0.8094444444444444 0.209375 0.7896296305555555 0.2046875 0.7895061722222222 0.1936111109375 0.8003292194444445 0.18125 0.837033075 0.18125 0.8424779527777777 0.1835416671875 0.8556378611111111 0.195348625 0.8638888888888889 0.197467534375 0.8638888888888889 0.21475694375 0.8592386833333333 0.224340278125 0.8428189305555555
0 0.65234375 0.12536008333333332 0.635983796875 0.1279218111111111 0.626840278125 0.14168724166666666 0.6258333328125001 0.175 0.6323611109375 0.1917489722222222 0.6487187796875 0.19722222222222222 0.6498697984375 0.19722222222222222 0.6618634265625001 0.18102880555555556 0.665625 0.15357591944444446 0.665625 0.14848912222222221 0.6609375 0.12547325 0.65234375 0.12536008333333332
0 0.2718865734375 0.3892181083333333 0.2703125 0.38641975277777774 0.253171296875 0.39730452777777775 0.2469791671875 0.4111111111111111 0.248634259375 0.4333539083333333 0.2642221859375 0.4583333333333333 0.278631325 0.4583333333333333 0.290625 0.4343036777777778 0.290625 0.43189752500000006 0.2875578703125 0.40053498055555553 0.2718865734375 0.3892181083333333
0 0.7467708328125 0.15555555555555556 0.740625 0.14681070000000002 0.73125 0.14619341666666666 0.7123958328125 0.15329218055555555 0.705972221875 0.1667695472222222 0.7046875 0.1853872027777778 0.7046875 0.19562289444444447 0.714375 0.21388888888888888 0.7327083328125 0.21388888888888888 0.7464583328125001 0.18055555555555555 0.7467708328125 0.15555555555555556
0 0.3984375 0.17542875 0.3984375 0.18106083888888888 0.4074884265625 0.19987654444444444 0.42467592656250003 0.19965020555555554 0.43569444375 0.18006172777777776 0.4358101859375 0.15228395 0.4234143515625 0.12744855833333332 0.41441673593750006 0.12222222222222222 0.410856321875 0.12222222222222222 0.3999074078125 0.14442386944444444 0.3984375 0.17542875
0 0.1859375 0.17024719722222223 0.2007638890625 0.20833333333333334 0.21631944375 0.21388888888888888 0.227465278125 0.19722222222222222 0.230902778125 0.17222222222222222 0.2232986109375 0.15555555555555556 0.2015625 0.14444444444444443 0.19375 0.14444444444444443 0.1859375 0.16848290555555556 0.1859375 0.17024719722222223
0 0.5734375 0.3921604944444444 0.5640625 0.39191358055555553 0.5548958328125 0.4166666666666667 0.555034721875 0.43333333333333335 0.569140625 0.46111111111111114 0.5808675625 0.46111111111111114 0.5921875 0.44871678055555553 0.5921875 0.40907407500000004 0.5828125 0.3924074083333334 0.5734375 0.3921604944444444
0 0.2640625 0.9972222222222222 0.296875 0.9950617277777778 0.29375 0.9730452666666666 0.2808035703125 0.9611111111111111 0.2753125015625 0.9611111111111111 0.2671875 0.9664609055555555 0.2640625 0.9972222222222222