0 0.759375 0.6755555555555556 0.7421875 0.6778806583333333 0.7375 0.6860905361111111 0.7375 0.7360905361111111 0.75 0.7447530861111111 0.771875 0.7369958861111111 0.7734375 0.7009259250000001 0.759375 0.6755555555555556
0 0.2359375 0.7978806583333333 0.225 0.8114814805555556 0.2234375 0.8614403305555556 0.2515625 0.8621810694444444 0.2609375 0.8485390944444444 0.2609375 0.8124279833333332 0.2515625 0.7982921805555555 0.2359375 0.7978806583333333
0 0.325 0.011337447222222222 0.3 0.013456788888888889 0.3 0.08290123333333334 0.3140625 0.09716049444444444 0.334375 0.0865843611111111 0.3421875 0.0645679 0.3421875 0.03679012222222222 0.325 0.011337447222222222
0 0.4109375 0.8274897111111111 0.4 0.8160905361111112 0.38125 0.8183744861111112 0.375 0.8265432111111112 0.375 0.879320988888889 0.38125 0.8878189305555556 0.396875 0.8882304527777778 0.409375 0.8774485583333334 0.4109375 0.8274897111111111
0 0.5484375 0.14500000000000002 0.53125 0.1417695472222222 0.51875 0.15532921944444444 0.5171875 0.2025102888888889 0.5234375 0.21656378611111113 0.5421875 0.21983539166666669 0.5546875 0.20627571944444445 0.5546875 0.15627571944444443 0.5484375 0.14500000000000002
0 0.628125 0.01654321111111111 0.59375 0.021193416666666666 0.5859375 0.03209876666666667 0.5859375 0.0765432111111111 0.6 0.09635802500000001 0.621875 0.09415637777777777 0.6296875 0.07491769444444445 0.628125 0.01654321111111111
0 0.7046875 0.824115225 0.6734375 0.8232921805555555 0.671875 0.87047325 0.6875 0.884773663888889 0.70625 0.885267488888889 0.7109375 0.8742798361111112 0.7109375 0.8492798361111111 0.7046875 0.824115225
0 0.44375 0.08668724166666666 0.4625 0.10384773611111112 0.4859375 0.09335390833333333 0.49375 0.06855966944444444 0.4875 0.02117283888888889 0.4796875 0.012633744444444445 0.4484375 0.0118107 0.4421875 0.028312758333333334 0.44375 0.08668724166666666
0 0.4922677203125 1 0.49375 0.9657818916666667 0.4890625 0.9489917694444445 0.4796875 0.9404115222222222 0.45 0.9424074083333333 0.4421875 0.9533127583333333 0.4421875 1 0.4922677203125 1
0 0.3328125 0.15043209999999999 0.3203125 0.13621399166666667 0.2984375 0.1384156388888889 0.296875 0.17448559722222223 0.3125 0.21378600833333333 0.3234375 0.21407407499999997 0.3359375 0.197736625 0.3375 0.16166666666666668 0.3328125 0.15043209999999999
0 0.3984375 0.16327160555555556 0.3828125 0.1406378611111111 0.3625 0.14010288055555556 0.35625 0.15104938333333334 0.35625 0.19271605000000003 0.36875 0.21248971111111112 0.3890625 0.2102469138888889 0.3984375 0.19382716111111112 0.3984375 0.16327160555555556
0 0.6359375 1 0.6359375 0.9639711944444445 0.628125 0.9470987666666667 0.6 0.9491358027777779 0.59375 0.9573045277777779 0.59375 1 0.6359375 1
0 0.7734375 1 0.7734375 0.9842592583333333 0.7546875 0.936543211111111 0.73125 0.935925925 0.725 0.94409465 0.721875 0.9967901222222223 0.724003821875 1 0.7734375 1
0 0.55 0.8283744861111111 0.525 0.8304938277777778 0.5234375 0.880452675 0.5375 0.9030452666666666 0.5484375 0.9033333333333333 0.5609375 0.8703292194444444 0.5609375 0.8453292194444444 0.55 0.8283744861111111
0 0.5671875 1 0.5671875 0.9677160499999999 0.546875 0.9282921805555555 0.51875 0.9303292194444445 0.51875 0.9469958861111111 0.5125 0.9551646083333334 0.5138263296875001 1 0.5671875 1
0 0.725 0.04687242777777778 0.725 0.08853909444444444 0.7296875 0.09977366388888889 0.7375 0.11109053611111111 0.753125 0.11150205833333333 0.7640625 0.09512345555555556 0.7703125 0.07028806666666666 0.7703125 0.02584362222222222 0.75625 0.02547325 0.753125 0.03650205833333334 0.7453125 0.02518518611111111 0.725 0.024650205555555558 0.7296875 0.035884775 0.725 0.04687242777777778
0 0.484375 0.16831275833333334 0.478125 0.15148148055555555 0.4671875 0.1373045277777778 0.44375 0.145020575 0.44375 0.20057613055555557 0.45625 0.21479423888888888 0.471875 0.21520576111111112 0.4796875 0.2043004111111111 0.484375 0.1933127583333333 0.484375 0.16831275833333334
0 0.2734375 0.1710905361111111 0.265625 0.1569958861111111 0.2359375 0.14788065833333333 0.23125 0.15053498055555556 0.23125 0.18386831388888888 0.24375 0.2147530861111111 0.259375 0.22349794166666667 0.2734375 0.2072016472222222 0.2734375 0.1710905361111111
0 0.3300781328125 1 0.3484375 0.9980658444444444 0.3484375 0.9563991777777777 0.340625 0.9423045277777777 0.3125 0.9415637861111111 0.30625 0.9497325111111111 0.30625 1 0.3300781328125 1
0 0.3421875 0.8034567888888888 0.3140625 0.80271605 0.30625 0.8163991777777778 0.3046875 0.8691358027777778 0.309375 0.8748148138888889 0.3359375 0.8755144027777777 0.3484375 0.8536214 0.3484375 0.8258436222222222 0.3421875 0.8034567888888888
0 0.546875 0.27829218055555555 0.5234375 0.2776748972222222 0.51875 0.28032921944444444 0.51875 0.33032921944444443 0.5296875 0.34450617222222224 0.55 0.3450411527777778 0.5546875 0.29238683055555553 0.546875 0.27829218055555555
0 0.24730603125 1 0.271875 0.9988271611111111 0.2859375 0.9741975305555556 0.2859375 0.9241975305555556 0.2828125 0.9130041138888889 0.2609375 0.9124279833333333 0.25 0.9232510277777777 0.2375 0.9534773666666666 0.23441592031249997 1 0.24730603125 1
0 0.6625 0.15078189166666667 0.6625 0.20633744722222222 0.690625 0.20985596666666667 0.6984375 0.18506172777777777 0.6984375 0.14895061666666667 0.675 0.14277777777777778 0.6625 0.15078189166666667
0 0.415625 1 0.415625 0.9359465027777778 0.4109375 0.9247119333333333 0.3890625 0.9296913583333334 0.375 0.9515432111111112 0.375 1 0.415625 1
0 0.7375 0.1638683138888889 0.7296875 0.1719958861111111 0.7296875 0.22199588611111112 0.75625 0.22269547222222225 0.7671875 0.1979835388888889 0.7671875 0.16187242777777777 0.7375 0.1638683138888889
0 0.30625 0.09139917777777777 0.3234375 0.09740740833333333 0.3390625 0.07559670833333333 0.3421875 0.04234567777777778 0.3171875 0.008353908333333333 0.2953125 0.0077777777777777776 0.296875 0.06615226388888888 0.30625 0.09139917777777777
0 0.278125 0.03788065833333333 0.2515625 0.006625513888888888 0.228125 0.008786008333333333 0.2265625 0.053189299999999995 0.2375 0.061810699999999996 0.25 0.10102880555555556 0.2640625 0.10139917777777778 0.278125 0.08232510277777777 0.278125 0.03788065833333333
0 0.5125 0.06349794166666667 0.525 0.08882716111111111 0.54375 0.09487654444444443 0.5609375 0.075884775 0.5609375 0.014773663888888889 0.5171875 0.0136214 0.5125 0.024609052777777776 0.5125 0.06349794166666667
0 0.4046875 0.02176954722222222 0.396875 0.010452675 0.36875 0.01248971111111111 0.3671875 0.045781891666666664 0.375 0.08765432222222222 0.3859375 0.101831275 0.4046875 0.09676954722222222 0.4140625 0.06368312777777778 0.4046875 0.02176954722222222
0 0.6234375 0.08030864166666667 0.6296875 0.016584361111111112 0.603125 0.01866255277777778 0.603125 0.065884775 0.6234375 0.08030864166666667
0 0.6984375 0.8183950611111112 0.6828125 0.8179835388888889 0.671875 0.8371399166666667 0.671875 0.8676954722222222 0.6796875 0.8817901222222222 0.7015625 0.8906995888888889 0.7109375 0.8798353916666667 0.7125 0.8604321 0.6984375 0.8183950611111112
0 0.7073432015625001 1 0.70625 0.9630452666666667 0.6984375 0.9378395055555556 0.6734375 0.928847736111111 0.6609375 0.959074075 0.659375 0.9756995888888889 0.6675041296875001 1 0.7073432015625001 1
0 0.6234375 0.8219753083333333 0.6109375 0.8188683138888889 0.5953125 0.8379012333333334 0.59375 0.8656378611111112 0.6 0.8824691361111111 0.615625 0.8967695472222222 0.63125 0.8888477361111111 0.6328125 0.8416666666666667 0.6234375 0.8219753083333333
0 0.638076190625 1 0.6359375 0.96952675 0.6265625 0.9498353916666666 0.6125 0.9466872416666667 0.596875 0.9657201638888889 0.599139571875 1 0.638076190625 1
0 0.446875 0.08676954722222223 0.465625 0.10393004166666665 0.48125 0.09878600833333334 0.4953125 0.06304526666666667 0.4890625 0.02676954722222222 0.4828125 0.012716050000000001 0.44375 0.011687241666666666 0.440625 0.06160493888888889 0.446875 0.08676954722222223
0 0.475 0.5513991777777778 0.465625 0.5400411527777778 0.4421875 0.5505349805555555 0.4375 0.5754115222222222 0.44375 0.6033539083333334 0.453125 0.6119341555555556 0.471875 0.6068724277777778 0.4796875 0.5820781888888888 0.475 0.5513991777777778