0 0.44375 0 0.4421875 0.06944444444444445 0.4578125 0.09166666666666666 0.48125 0.08888888888888889 0.496875 0.058333333333333334 0.496875 0.03333333333333333 0.484375 0 0.44375 0
0 0.375 0 0.365625 0.016666666666666666 0.365625 0.03611111111111111 0.3765625 0.075 0.3875 0.075 0.390625 0.08888888888888889 0.41875 0.075 0.41875 0.030555555555555555 0.4046875 0 0.375 0
0 0.271875 0.08888888888888889 0.2796875 0.07777777777777778 0.278125 0.019444444444444445 0.26875 0.019444444444444445 0.2546875 0 0.2265625 0.008333333333333333 0.2265625 0.044444444444444446 0.2484375 0.07777777777777778 0.25 0.09166666666666666 0.271875 0.08888888888888889
0 0.7546875 0.09444444444444444 0.778125 0.044444444444444446 0.778125 0.008333333333333333 0.753125 0 0.746875 0.019444444444444445 0.728125 0.03333333333333333 0.7234375 0.05 0.7265625 0.075 0.734375 0.09166666666666666 0.7546875 0.09444444444444444
0 0.2875 0.9638888888888889 0.284375 0.9305555555555556 0.278125 0.9194444444444444 0.2546875 0.9166666666666666 0.2328125 0.9722222222222222 0.2328125 0.9972222222222222 0.2796875 0.9972222222222222 0.28125 0.9694444444444444 0.2875 0.9638888888888889
0 0.496875 0.9444444444444444 0.4890625 0.9305555555555556 0.459375 0.9277777777777778 0.4421875 0.9527777777777777 0.44375 0.9972222222222222 0.4921875 0.9972222222222222 0.496875 0.9805555555555555 0.496875 0.9444444444444444
0 0.2953125 0 0.296875 0.06111111111111111 0.30625 0.08611111111111111 0.3234375 0.09166666666666666 0.340625 0.06944444444444445 0.3421875 0.04722222222222222 0.3390625 0.027777777777777776 0.3171875 0 0.2953125 0
0 0.775 0.9694444444444444 0.7625 0.9555555555555556 0.759375 0.9222222222222223 0.74375 0.9138888888888889 0.721875 0.9444444444444444 0.71875 0.9638888888888889 0.728125 0.9972222222222222 0.775 0.9972222222222222 0.775 0.9694444444444444
0 0.5390625 0.9277777777777778 0.5171875 0.9416666666666667 0.5125 0.9555555555555556 0.5125 0.9972222222222222 0.5671875 0.9944444444444445 0.5609375 0.9305555555555556 0.5390625 0.9277777777777778
0 0.778125 0.8638888888888889 0.778125 0.8305555555555556 0.765625 0.7944444444444444 0.74375 0.7944444444444444 0.734375 0.8166666666666667 0.7390625 0.8805555555555555 0.7421875 0.8722222222222222 0.7640625 0.8777777777777778 0.778125 0.8638888888888889
0 0.26875 0.8111111111111111 0.25625 0.7944444444444444 0.2359375 0.7972222222222223 0.2203125 0.8361111111111111 0.225 0.8666666666666667 0.2609375 0.8583333333333333 0.271875 0.8388888888888889 0.26875 0.8111111111111111
0 0.7015625 0.9638888888888889 0.7 0.9277777777777778 0.684375 0.9166666666666666 0.6625 0.9444444444444444 0.6625 0.975 0.671875 0.9972222222222222 0.7109375 0.9944444444444445 0.7015625 0.9638888888888889
0 0.3453125 0.9305555555555556 0.3234375 0.9305555555555556 0.3078125 0.9444444444444444 0.30625 0.9972222222222222 0.3484375 0.9972222222222222 0.3515625 0.9611111111111111 0.3453125 0.9305555555555556
0 0.3421875 0.17777777777777778 0.340625 0.15 0.325 0.13055555555555556 0.296875 0.14166666666666666 0.2953125 0.175 0.3046875 0.2 0.321875 0.20833333333333334 0.3421875 0.17777777777777778
0 0.63125 0.022222222222222223 0.628125 0.002777777777777778 0.5921875 0 0.5921875 0.07222222222222222 0.6015625 0.08055555555555556 0.621875 0.075 0.63125 0.022222222222222223
0 0.7171875 0.8555555555555555 0.7 0.7944444444444444 0.6828125 0.7972222222222223 0.6703125 0.8194444444444444 0.671875 0.8555555555555555 0.68125 0.8694444444444445 0.703125 0.8722222222222222 0.7171875 0.8555555555555555
0 0.51875 0 0.5171875 0.027777777777777776 0.528125 0.041666666666666664 0.53125 0.075 0.546875 0.075 0.559375 0.06111111111111111 0.5609375 0 0.51875 0
0 0.5609375 0.8638888888888889 0.5609375 0.8222222222222222 0.53125 0.8083333333333333 0.521875 0.8305555555555556 0.5203125 0.8555555555555555 0.5296875 0.8833333333333333 0.5515625 0.8916666666666667 0.5609375 0.8638888888888889
0 0.559375 0.18055555555555555 0.54375 0.12777777777777777 0.5328125 0.12777777777777777 0.5171875 0.16111111111111112 0.51875 0.19444444444444445 0.5328125 0.2111111111111111 0.54375 0.2111111111111111 0.559375 0.18055555555555555
0 0.621875 0.9333333333333333 0.6046875 0.9333333333333333 0.5953125 0.95 0.596875 0.9972222222222222 0.6375 0.9972222222222222 0.6375 0.9527777777777777 0.621875 0.9333333333333333
0 0.7515625 0.2 0.7640625 0.19722222222222222 0.76875 0.1638888888888889 0.7609375 0.14166666666666666 0.7359375 0.12777777777777777 0.7265625 0.16666666666666666 0.7359375 0.20833333333333334 0.746875 0.21388888888888888 0.7515625 0.2
0 0.4109375 0.8138888888888889 0.384375 0.8083333333333333 0.375 0.8166666666666667 0.3765625 0.8805555555555555 0.390625 0.8861111111111111 0.4109375 0.8694444444444445 0.4109375 0.8138888888888889
0 0.63125 0.8222222222222222 0.6265625 0.8083333333333333 0.603125 0.8 0.5953125 0.8111111111111111 0.59375 0.8555555555555555 0.621875 0.8861111111111111 0.6296875 0.8666666666666667 0.63125 0.8222222222222222
0 0.7015625 0.15833333333333333 0.7 0.1361111111111111 0.6875 0.125 0.659375 0.14722222222222223 0.6578125 0.18055555555555555 0.6734375 0.20277777777777778 0.684375 0.20277777777777778 0.7015625 0.15833333333333333
0 0.3171875 0.7972222222222223 0.30625 0.8166666666666667 0.30625 0.8694444444444445 0.340625 0.8694444444444445 0.340625 0.8027777777777778 0.3171875 0.7972222222222223
0 0.2640625 0.21666666666666667 0.2734375 0.19722222222222222 0.271875 0.16666666666666666 0.246875 0.14444444444444443 0.234375 0.15 0.23125 0.175 0.2390625 0.20555555555555555 0.2515625 0.21944444444444444 0.2640625 0.21666666666666667
0 0.396875 0.15555555555555556 0.375 0.13333333333333333 0.3625 0.1388888888888889 0.3609375 0.19444444444444445 0.375 0.2111111111111111 0.39375 0.2 0.396875 0.15555555555555556
0 0.684375 0.075 0.6859375 0 0.65625 0.002777777777777778 0.6515625 0.03611111111111111 0.6578125 0.058333333333333334 0.671875 0.075 0.684375 0.075
0 0.4796875 0.1361111111111111 0.4546875 0.125 0.446875 0.14166666666666666 0.4546875 0.2 0.475 0.2 0.48125 0.18888888888888888 0.4796875 0.1361111111111111
0 0.4703125 0.8583333333333333 0.48125 0.8583333333333333 0.48125 0.8055555555555556 0.459375 0.8027777777777778 0.4484375 0.8166666666666667 0.446875 0.85 0.453125 0.8722222222222222 0.465625 0.875 0.4703125 0.8583333333333333
0 0.3765625 0.95 0.375 0.9972222222222222 0.4109375 0.9972222222222222 0.403125 0.9361111111111111 0.3765625 0.95
0 0.59375 0.15 0.5953125 0.18611111111111112 0.621875 0.19166666666666668 0.621875 0.125 0.59375 0.15