0 0.7762615734375 0.6777777777777778 0.76366898125 0.6555555555555556 0.7464930562500001 0.6583333333333333 0.7402777781250001 0.6666666666666666 0.7404861109375 0.7166666666666667 0.7530208328125 0.725 0.7732986109375 0.7166666666666667 0.7795023140625 0.7055555555555556 0.7762615734375 0.6777777777777778
0 0.22836805624999998 0.8083333333333333 0.22700231406250002 0.8555555555555555 0.2629166671875 0.85 0.26429398125 0.8055555555555556 0.25486111093749997 0.7916666666666666 0.2392361109375 0.7916666666666666 0.22836805624999998 0.8083333333333333
0 0.6378009265625 0.8222222222222222 0.63148148125 0.8055555555555556 0.6080324078125 0.8027777777777778 0.597152778125 0.8166666666666667 0.5973148140625 0.8555555555555555 0.6177199078125 0.8777777777777778 0.6317824078125 0.8777777777777778 0.6379745375 0.8638888888888889 0.6378009265625 0.8222222222222222
0 0.300034721875 0.008333333333333333 0.30188657343749997 0.07777777777777778 0.322222221875 0.08333333333333333 0.34090277812499997 0.06666666666666667 0.34070601875 0.019444444444444445 0.3234490734375 0.002777777777777778 0.300034721875 0.008333333333333333
0 0.6296990734375 0.002777777777777778 0.5937731484375 0.005555555555555556 0.58600694375 0.016666666666666666 0.586203703125 0.06388888888888888 0.6034606484375 0.08055555555555556 0.6221990734375 0.07777777777777778 0.629953703125 0.06388888888888888 0.6296990734375 0.002777777777777778
0 0.555277778125 0.14166666666666666 0.5442824078124999 0.12777777777777777 0.5255555562499999 0.13333333333333333 0.5193402781249999 0.14166666666666666 0.5195601859375001 0.19444444444444445 0.53210648125 0.20555555555555555 0.5492824078125 0.20277777777777778 0.5554861109375 0.19166666666666668 0.555277778125 0.14166666666666666
0 0.70804398125 0.8055555555555556 0.6830208328125 0.8 0.6768055562499999 0.8083333333333333 0.6785648140625 0.8555555555555555 0.6911111109375 0.8666666666666667 0.7098611109374999 0.8666666666666667 0.7145138890625 0.8583333333333333 0.7143634265625 0.8222222222222222 0.70804398125 0.8055555555555556
0 0.41434027812499996 0.8166666666666667 0.40335648125 0.8055555555555556 0.38461805625 0.8083333333333333 0.3784143515625 0.8194444444444444 0.37862268593750004 0.8694444444444445 0.3849074078125 0.8777777777777778 0.40209490781249996 0.8777777777777778 0.4129861109375 0.8666666666666667 0.41434027812499996 0.8166666666666667
0 0.4437731484375 0.005555555555555556 0.44406249999999997 0.075 0.47225694375 0.09166666666666666 0.49246527812499996 0.06666666666666667 0.4938773140625 0.030555555555555555 0.4859606484375 0.005555555555555556 0.4437731484375 0.005555555555555556
0 0.38335648125 0.13055555555555556 0.36304398125000004 0.13055555555555556 0.3617245375 0.18888888888888888 0.3695949078125 0.20277777777777778 0.3914699078125 0.20277777777777778 0.3992245375 0.18888888888888888 0.3990625 0.15 0.38335648125 0.13055555555555556
0 0.45231481406249996 0.9305555555555556 0.44611111093750005 0.9416666666666667 0.44631944375000004 0.9916666666666667 0.4963078703125 0.9888888888888889 0.49771990781250003 0.9527777777777777 0.48981481406249994 0.9305555555555556 0.45231481406249996 0.9305555555555556
0 0.5506828703125 0.9138888888888889 0.5241319437499999 0.9166666666666666 0.5210995375 0.9388888888888889 0.5164236109375 0.9416666666666667 0.51820601875 0.9944444444444445 0.5713078703125001 0.9888888888888889 0.5711342593750001 0.9472222222222222 0.5506828703125 0.9138888888888889
0 0.6085648140625 0.9305555555555556 0.6007986109375001 0.9416666666666667 0.6009953703125 0.9888888888888889 0.64164351875 0.9944444444444445 0.6398726859375 0.9444444444444444 0.6320023140625 0.9305555555555556 0.6085648140625 0.9305555555555556
0 0.553391203125 0.8138888888888889 0.5284143515624999 0.8194444444444444 0.5270486109375 0.8666666666666667 0.541203703125 0.8888888888888888 0.5521412031249999 0.8888888888888888 0.5645138890625 0.8583333333333333 0.5643981484375 0.8305555555555556 0.553391203125 0.8138888888888889
0 0.3412731484375 0.15555555555555556 0.33023148125 0.13055555555555556 0.29743055625000003 0.13333333333333333 0.29444444375 0.16666666666666666 0.305428240625 0.17777777777777778 0.31491898125 0.20555555555555555 0.3289699078125 0.20277777777777778 0.3367361109375 0.19166666666666668 0.3412731484375 0.15555555555555556
0 0.7350694437499999 0.9166666666666666 0.7288541671875 0.925 0.7259375 0.975 0.73538194375 0.9916666666666667 0.77756944375 0.9916666666666667 0.7774537031250001 0.9638888888888889 0.7585069437499999 0.9166666666666666 0.7350694437499999 0.9166666666666666
0 0.3163888890625 0.9333333333333333 0.3101736109375 0.9416666666666667 0.31038194375 0.9916666666666667 0.35255787031249997 0.9888888888888889 0.352384259375 0.9472222222222222 0.3445138890625 0.9333333333333333 0.3163888890625 0.9333333333333333
0 0.73133101875 0.019444444444444445 0.7251273140625 0.030555555555555555 0.7252893515625 0.06944444444444445 0.7300231484374999 0.08055555555555556 0.7378819437499999 0.09166666666666666 0.75506944375 0.09166666666666666 0.7675 0.075 0.7703356484375 0.005555555555555556 0.7562731484375 0.005555555555555556 0.75475694375 0.016666666666666666 0.7437731484375 0.005555555555555556 0.7250231484375 0.005555555555555556 0.72506944375 0.016666666666666666 0.73133101875 0.019444444444444445
0 0.3408101859375 0.7944444444444444 0.3173726859375 0.7944444444444444 0.30960648125 0.8055555555555556 0.3098611109375 0.8666666666666667 0.33798611093750003 0.8666666666666667 0.3519791671875 0.85 0.35184027812499996 0.8166666666666667 0.3408101859375 0.7944444444444444
0 0.26471064843750003 0.9055555555555556 0.2476273140625 0.9305555555555556 0.23836805625 0.9583333333333334 0.23851851875 0.9944444444444445 0.27133101875 0.9944444444444445 0.29 0.975 0.2881365734375 0.9027777777777778 0.26471064843750003 0.9055555555555556
0 0.2711574078125 0.20277777777777778 0.27412037031250003 0.1638888888888889 0.255277778125 0.14166666666666666 0.236527778125 0.14166666666666666 0.23185185156250002 0.14444444444444443 0.231990740625 0.17777777777777778 0.2414583328125 0.2 0.250891203125 0.21388888888888888 0.261828703125 0.21388888888888888 0.2711574078125 0.20277777777777778
0 0.7435995375 0.7138888888888889 0.7810879625 0.7111111111111111 0.7810185187500001 0.6944444444444444 0.7636921296875 0.6611111111111111 0.7418634265625 0.6722222222222223 0.7435995375 0.7138888888888889
0 0.296875 0 0.29711805625 0.058333333333333334 0.301875 0.075 0.3222453703125 0.08888888888888889 0.33625 0.075 0.3423379625 0.03611111111111111 0.3171875 0 0.296875 0
0 0.63125 0 0.595347221875 0.008333333333333333 0.5876388890625 0.03333333333333333 0.5924768515625 0.06944444444444445 0.601909721875 0.08333333333333333 0.6206481484374999 0.08055555555555556 0.63148148125 0.05555555555555555 0.63125 0
0 0.6770023140625 0.8555555555555555 0.700509259375 0.8722222222222222 0.7160648140625 0.8555555555555555 0.7017708328125 0.8 0.6783796296875 0.8111111111111111 0.6770023140625 0.8555555555555555
0 0.6664004625 0.9361111111111111 0.664953703125 0.9638888888888889 0.6759953703125 0.9888888888888889 0.7104050921875 0.9972222222222222 0.70226851875 0.9194444444444444 0.677233796875 0.9111111111111111 0.6664004625 0.9361111111111111
0 0.44375 0 0.44085648125 0.05555555555555555 0.45348379687499996 0.08611111111111111 0.47538194375 0.09166666666666666 0.49711805625 0.058333333333333334 0.4970138890625 0.03333333333333333 0.484375 0 0.44375 0
0 0.7382060187499999 0.9194444444444444 0.7242708328125 0.95 0.7227662031250001 0.9638888888888889 0.733796296875 0.9861111111111112 0.77914351875 0.9944444444444445 0.780625 0.975 0.7585300921875 0.9222222222222223 0.7382060187499999 0.9194444444444444
0 0.253125 0 0.2265856484375 0.005555555555555556 0.2267476859375 0.044444444444444446 0.25194444374999997 0.09166666666666666 0.26912037031249997 0.08888888888888889 0.2784259265625 0.07222222222222222 0.2782523140625 0.030555555555555555 0.253125 0
0 0.514097221875 0.008333333333333333 0.5142824078125 0.05277777777777778 0.5237499999999999 0.075 0.5440856484375 0.08055555555555556 0.559652778125 0.06666666666666667 0.559375 0 0.514097221875 0.008333333333333333
0 0.6625 0 0.65008101875 0.019444444444444445 0.6486458328125 0.05 0.658125 0.075 0.670659721875 0.08333333333333333 0.68625 0.075 0.6953125 0 0.6625 0
0 0.396875 0 0.3734606484375 0.005555555555555556 0.3704629625 0.03611111111111111 0.37689814843749997 0.08055555555555556 0.401921296875 0.08611111111111111 0.412777778125 0.06666666666666667 0.4126504625 0.03611111111111111 0.396875 0
0 0.7367129625 0.18611111111111112 0.747696759375 0.19722222222222222 0.7632638890625 0.18333333333333332 0.7631481484375 0.15555555555555556 0.736597221875 0.15833333333333333 0.7367129625 0.18611111111111112
0 0.6615624999999999 0.15 0.6632638890625 0.18333333333333332 0.6836458328125 0.2 0.6945138890625 0.18333333333333332 0.70055555625 0.13333333333333333 0.67086805625 0.13333333333333333 0.6615624999999999 0.15
0 0.75 0 0.7267013890625 0.03333333333333333 0.7284259265624999 0.07222222222222222 0.74883101875 0.09444444444444444 0.762847221875 0.08333333333333333 0.7782986109375 0.041666666666666664 0.77975694375 0.016666666666666666 0.775 0 0.75 0
0 0.48027777812499994 0.14166666666666666 0.46770833281249996 0.125 0.45208333281249996 0.125 0.44430555624999996 0.13333333333333333 0.44450231406249996 0.18055555555555555 0.45709490781250006 0.20277777777777778 0.47428240781250003 0.20277777777777778 0.48511574062499996 0.17777777777777778 0.48027777812499994 0.14166666666666666
0 0.5479745375 0.2638888888888889 0.5214120375 0.2638888888888889 0.52163194375 0.31666666666666665 0.5279398140625 0.33055555555555555 0.5513773140625 0.33055555555555555 0.5558449078125001 0.2777777777777778 0.5479745375 0.2638888888888889
0 0.6755208328125 0.125 0.66305555625 0.13333333333333333 0.6601273140624999 0.18055555555555555 0.6726851859375 0.19444444444444445 0.6914236109375 0.19166666666666668 0.69913194375 0.16666666666666666 0.6989699078125 0.12777777777777777 0.6755208328125 0.125
0 0.7693981484375 0.15555555555555556 0.764652778125 0.14166666666666666 0.739652778125 0.14166666666666666 0.7287731484375 0.15555555555555556 0.7289814812500001 0.20555555555555555 0.7321412031250001 0.21388888888888888 0.7540162031250001 0.21388888888888888 0.767928240625 0.17777777777777778 0.7693981484375 0.15555555555555556
0 0.4147453703125 0.9138888888888889 0.39289351875 0.9194444444444444 0.3789236109375 0.9416666666666667 0.37914351874999996 0.9944444444444445 0.41664351875000005 0.9944444444444445 0.42130787031250005 0.9888888888888889 0.41947916718749995 0.925 0.4147453703125 0.9138888888888889
0 0.3671875 0 0.3688773140625 0.030555555555555555 0.38 0.075 0.4050231484375 0.08055555555555556 0.41586805625 0.058333333333333334 0.4157986109375 0.041666666666666664 0.40476851875 0.019444444444444445 0.3938078703125 0.013888888888888888 0.39375 0 0.3671875 0
0 0.47096064843749996 0.5305555555555556 0.45376157343749995 0.5277777777777778 0.44289351874999994 0.5444444444444444 0.43984953750000005 0.5638888888888889 0.4509259265625 0.5972222222222222 0.46656250000000005 0.6 0.47899305625000005 0.5833333333333334 0.48200231406249994 0.5555555555555556 0.47096064843749996 0.5305555555555556