0 0.4906134265625 0.002777777777777778 0.4421875 0 0.4388425921875 0.05277777777777778 0.44807870312500003 0.08611111111111111 0.47930555625000004 0.09166666666666666 0.49660879687500004 0.06388888888888888 0.4982986109375 0.03333333333333333 0.4906134265625 0.002777777777777778
0 0.5125 0 0.506203703125 0.011111111111111112 0.5060995375 0.03611111111111111 0.527777778125 0.08333333333333333 0.5590740734375 0.07222222222222222 0.5607291671875 0.05 0.5701388890625 0.041666666666666664 0.5609375 0 0.5125 0
0 0.371875 0 0.36554398125 0.019444444444444445 0.36543981406250003 0.044444444444444446 0.3808796296875 0.08888888888888889 0.4043171296875 0.08888888888888889 0.41848379687500004 0.06388888888888888 0.4201851859375 0.030555555555555555 0.4078125 0 0.371875 0
0 0.7515625 0 0.7248148140625 0.044444444444444446 0.7277893515625 0.08055555555555556 0.7480324078125 0.09722222222222222 0.7637152781250001 0.08333333333333333 0.7795254625 0.03888888888888889 0.77961805625 0.016666666666666666 0.7734375 0 0.7515625 0
0 0.6468634265625 0.002777777777777778 0.6420254625 0.03888888888888889 0.6559375000000001 0.075 0.684027778125 0.08333333333333333 0.6967013890625 0.041666666666666664 0.7 0 0.6468634265625 0.002777777777777778
0 0.25 0 0.2265393515625 0.005555555555555556 0.226365740625 0.04722222222222222 0.2542824078125 0.09722222222222222 0.2777893515625 0.08055555555555556 0.27804398125 0.019444444444444445 0.26554398125 0.019444444444444445 0.25 0
0 0.29375 0 0.29659722187500004 0.06666666666666667 0.31211805625 0.09166666666666666 0.334027778125 0.08333333333333333 0.341921296875 0.06388888888888888 0.34203703750000003 0.03611111111111111 0.325 0 0.29375 0
0 0.45864583281250004 0.925 0.43822916718749994 0.95 0.4395949078125 0.9972222222222222 0.4864699078125 0.9972222222222222 0.4927893515625 0.9805555555555555 0.49296296249999993 0.9388888888888889 0.47739583281250003 0.925 0.45864583281250004 0.925
0 0.6 0 0.5873611109375 0.03333333333333333 0.5857175921875 0.05277777777777778 0.596527778125 0.08333333333333333 0.619965278125 0.08333333333333333 0.6325810187500001 0.05555555555555555 0.6359375 0 0.6 0
0 0.7274074078125 0.9222222222222223 0.7179513890625 0.9416666666666667 0.714722221875 0.9666666666666667 0.7255324078125 0.9972222222222222 0.77243055625 0.9916666666666667 0.7709606484375 0.9694444444444444 0.74304398125 0.9194444444444444 0.7274074078125 0.9222222222222223
0 0.32289351875 0.13055555555555556 0.30883101874999996 0.13055555555555556 0.2884375 0.15 0.288321759375 0.17777777777777778 0.31006944375 0.20833333333333334 0.32413194375 0.20833333333333334 0.3382754625 0.18888888888888888 0.3415393515625 0.15555555555555556 0.32289351875 0.13055555555555556
0 0.2492824078125 0.9222222222222223 0.2414004625 0.9388888888888889 0.22718750000000001 0.975 0.22710648125000002 0.9944444444444445 0.2739699078125 0.9972222222222222 0.275740740625 0.9472222222222222 0.26804398125 0.9194444444444444 0.2492824078125 0.9222222222222223
0 0.621365740625 0.12222222222222222 0.6010416671875001 0.125 0.593171296875 0.1388888888888889 0.5914583328125 0.175 0.5991898140624999 0.19444444444444445 0.6194791671875 0.2 0.6383333328125 0.175 0.6369097218750001 0.14166666666666666 0.621365740625 0.12222222222222222
0 0.5101273140625 0.9444444444444444 0.5067824078125 0.9972222222222222 0.5567824078125 0.9972222222222222 0.5631018515624999 0.9805555555555555 0.5631944437499999 0.9583333333333334 0.5242245375000001 0.9361111111111111 0.5101273140625 0.9444444444444444
0 0.7696412031250001 0.16111111111111112 0.7603356484375 0.14444444444444443 0.7479166671875 0.125 0.7354166671875 0.125 0.7275231484375 0.14444444444444443 0.7258333328125001 0.175 0.7366087968749999 0.21388888888888888 0.745972221875 0.21666666666666667 0.7507175921875 0.20277777777777778 0.7616666671875 0.2 0.7696412031250001 0.16111111111111112
0 0.5559606484375 0.8194444444444444 0.52475694375 0.8083333333333333 0.5184375 0.825 0.5167476859375 0.8555555555555555 0.52289351875 0.8805555555555555 0.5337731484375 0.8944444444444445 0.5462731484375001 0.8944444444444445 0.5573495375 0.8611111111111112 0.5559606484375 0.8194444444444444
0 0.6585763890624999 0.9416666666666667 0.656909721875 0.9666666666666667 0.6630671296874999 0.9888888888888889 0.7052199078125 0.9972222222222222 0.6930324078125001 0.9222222222222223 0.67273148125 0.9194444444444444 0.6585763890624999 0.9416666666666667
0 0.302303240625 0.9472222222222222 0.30209490781250004 0.9972222222222222 0.3442824078125 0.9972222222222222 0.346053240625 0.9472222222222222 0.3398726859375 0.9305555555555556 0.3195601859375 0.9305555555555556 0.302303240625 0.9472222222222222
0 0.38694444375 0.13333333333333333 0.3713425921875 0.12777777777777777 0.358784721875 0.14166666666666666 0.35402777812499997 0.15833333333333333 0.36788194375 0.20833333333333334 0.38349537031250003 0.2111111111111111 0.3976388890625 0.19166666666666668 0.40084490781250004 0.17222222222222222 0.38694444375 0.13333333333333333
0 0.234178240625 0.7972222222222223 0.21841435156250003 0.8305555555555556 0.2182754625 0.8638888888888889 0.23076388906249998 0.8666666666666667 0.2604976859375 0.8555555555555555 0.2668865734375 0.8222222222222222 0.25916666718750003 0.8 0.234178240625 0.7972222222222223
0 0.5913657406249999 0.9472222222222222 0.5927199078125 0.9972222222222222 0.6349074078125 0.9972222222222222 0.63351851875 0.9555555555555556 0.6179976859375 0.9305555555555556 0.6023958328125001 0.925 0.5913657406249999 0.9472222222222222
0 0.53070601875 0.13055555555555556 0.5165393515625001 0.15555555555555556 0.5148495375000001 0.18611111111111112 0.5241319437499999 0.20833333333333334 0.5444328703125 0.2111111111111111 0.5586226859375001 0.18055555555555555 0.5432175921875 0.12777777777777777 0.53070601875 0.13055555555555556
0 0.457615740625 0.7972222222222223 0.443472221875 0.8166666666666667 0.4417708328125 0.85 0.44949074062500005 0.8722222222222222 0.46351851875000005 0.8805555555555555 0.47918981406250005 0.8694444444444445 0.4779050921875 0.8027777777777778 0.457615740625 0.7972222222222223
0 0.4431134265625 0.1527777777777778 0.4460648140625 0.19444444444444445 0.45695601874999997 0.20555555555555555 0.48042824062499995 0.19722222222222222 0.48069444375000003 0.13333333333333333 0.45416666718750004 0.125 0.4431134265625 0.1527777777777778
0 0.69633101875 0.13055555555555556 0.6822916671875 0.125 0.6603356484375 0.14444444444444443 0.6570601859375 0.18055555555555555 0.6632523140625 0.19444444444444445 0.6835300921874999 0.20277777777777778 0.6929513890625 0.19166666666666668 0.700902778125 0.15833333333333333 0.69633101875 0.13055555555555556
0 0.3710416671875 0.95 0.3692824078125 0.9972222222222222 0.40990740781249996 0.9972222222222222 0.41462962968749995 0.9888888888888889 0.41478009218749995 0.9527777777777777 0.3992476859375 0.9305555555555556 0.3710416671875 0.95
0 0.2711921296875 0.1638888888888889 0.2478356484375 0.14444444444444443 0.23376157343749998 0.14722222222222223 0.2289583328125 0.175 0.23820601875 0.20555555555555555 0.2490856484375 0.21944444444444444 0.2615856484375 0.21944444444444444 0.2742129625 0.18888888888888888 0.2711921296875 0.1638888888888889
0 0.3715856484375 0.8194444444444444 0.37600694375 0.8833333333333333 0.39945601875 0.8805555555555555 0.4089004625 0.8638888888888889 0.407546296875 0.8138888888888889 0.38258101875 0.8055555555555556 0.3715856484375 0.8194444444444444
0 0.6122800921875 0.8027777777777778 0.593483796875 0.8138888888888889 0.5901851859375 0.8555555555555555 0.5948263890625001 0.8666666666666667 0.6150694437500001 0.8833333333333333 0.6291898140625001 0.8694444444444445 0.626296296875 0.8138888888888889 0.6122800921875 0.8027777777777778
0 0.6981944437500001 0.8083333333333333 0.67631944375 0.8083333333333333 0.6684490734375 0.8222222222222222 0.6698611109375 0.8583333333333333 0.680740740625 0.8722222222222222 0.711990740625 0.8722222222222222 0.7120949078125001 0.8472222222222222 0.6981944437500001 0.8083333333333333
0 0.3028240734375 0.8222222222222222 0.3011111109375 0.8583333333333333 0.307303240625 0.8722222222222222 0.3370023140625 0.8694444444444445 0.3372800921875 0.8027777777777778 0.3154166671875 0.8 0.3028240734375 0.8222222222222222
0 0.7576041671875 0.8 0.734097221875 0.8166666666666667 0.733946759375 0.8527777777777777 0.7432523140625 0.8694444444444445 0.768240740625 0.8722222222222222 0.7745254625 0.8638888888888889 0.7746412031250001 0.8361111111111111 0.7576041671875 0.8