0 0.7422453703125 0.7541563777777777 0.756296296875 0.7511934166666666 0.765590278125 0.7316255138888889 0.7654629625 0.7010699583333333 0.743483796875 0.676358025 0.734016203125 0.6542592583333333 0.7183449078125 0.6433539083333333 0.7152199078125 0.6433950611111111 0.699641203125 0.6547119333333333 0.691909721875 0.6742592583333333 0.69368055625 0.7242386833333334 0.7046759265625 0.7379835388888889 0.725 0.7404938277777778 0.7422453703125 0.7541563777777777
0 0.7914814812500001 0.5701646083333333 0.7882407406249999 0.5424279833333334 0.745891203125 0.50409465 0.738078703125 0.5041975305555556 0.7256134265624999 0.5126954722222222 0.7147800921874999 0.5378395055555555 0.7149537031250001 0.5795061722222222 0.729097221875 0.5987654333333333 0.7821990734375001 0.5925102888888889 0.7914814812500001 0.5701646083333333
0 0.58133101875 0.7618312749999999 0.59539351875 0.7616460916666666 0.6093634265625 0.7392386833333333 0.609259259375 0.7142386833333333 0.59506944375 0.6838683138888888 0.5949537031250001 0.6560905361111111 0.59023148125 0.6478189305555555 0.58241898125 0.6479218111111111 0.5590046296875 0.6537860083333333 0.5512384265625 0.665 0.5451388890625 0.7011934166666667 0.5499421296875 0.7289094638888888 0.5578125 0.7426954722222222 0.58133101875 0.7618312749999999
0 0.45246527812500004 0.5857407416666667 0.45230324062499994 0.5468518527777778 0.43341435156249997 0.5137654333333334 0.42560185156249997 0.5138683138888889 0.4115509265625 0.516831275 0.3945138890625 0.553168725 0.3978240734375 0.5975720166666666 0.41353009218750003 0.6168107 0.4322800921875 0.6165637861111111 0.45246527812500004 0.5857407416666667
0 0.6729050921875 0.6133950611111112 0.6821875000000001 0.5910493833333333 0.6805092593750001 0.5632921805555556 0.6506712968749999 0.5275720166666666 0.641296296875 0.5276954722222222 0.63195601875 0.5361522638888889 0.6242361109375001 0.5584773666666667 0.6227662031250001 0.5807201638888889 0.627534721875 0.6001028805555555 0.6385300921875 0.6138477361111111 0.6729050921875 0.6133950611111112
0 0.2977083328125 0.5711111111111111 0.2959259265625 0.5183539083333333 0.28180555625000003 0.5046502055555555 0.26774305625 0.5048353916666667 0.256828703125 0.5105349805555556 0.24758101875 0.5412139916666667 0.2476851859375 0.5662139916666666 0.2603356484375 0.6021604944444445 0.288402778125 0.5879012333333333 0.2977083328125 0.5711111111111111
0 0.5242592593750001 0.5653497944444444 0.5147453703125 0.5321399166666667 0.5006481484374999 0.5239917694444445 0.49283564843749994 0.52409465 0.47730324062499996 0.5465226333333333 0.47431712968750006 0.5798971194444444 0.48380787031250005 0.6075514416666666 0.504178240625 0.6211728388888889 0.5166203703125001 0.6071193416666667 0.5242592593750001 0.5653497944444444
0 0.52211805625 0.42648148055555557 0.5219675921875 0.3903703694444444 0.507777778125 0.36 0.499965278125 0.36010288055555556 0.4828125 0.36866255277777776 0.4720023140625 0.39936213888888894 0.47368055625 0.4271193416666667 0.49721064843749996 0.4490329222222222 0.5143634265625 0.44047325 0.52211805625 0.42648148055555557
0 0.6811921296875 0.3521604944444444 0.6701504625 0.32730452777777774 0.6451504625 0.32763374444444443 0.6435763890625 0.32487654444444447 0.62805555625 0.35008230555555553 0.6282291671875 0.3917489722222222 0.6360879625 0.40275720277777777 0.6595370375 0.40522633611111114 0.6797106484375 0.3716255138888889 0.6811921296875 0.3521604944444444
0 0.23518518593749999 0.9413991777777778 0.2257291671875 0.9220781888888889 0.21320601875 0.9166872416666667 0.21163194375 0.9139300416666667 0.2022800921875 0.9196090527777778 0.1821643515625 0.9670987666666666 0.18228009218750002 0.9948765444444444 0.2213425921875 0.9943621388888889 0.23531249999999998 0.9719547333333334 0.23518518593749999 0.9413991777777778
0 0.3750231484375 0.3756378611111111 0.34991898125 0.35096707777777775 0.34679398125 0.3510082305555555 0.3329050921875 0.39286008333333333 0.33461805624999996 0.4289506166666667 0.34562499999999996 0.44547325000000004 0.3675 0.44518518611111113 0.3752546296875 0.4311934166666666 0.3750231484375 0.3756378611111111
0 0.7226504625 0.9266460916666668 0.7194328703124999 0.9044650194444445 0.7084953703125 0.9046090527777778 0.6929398140624999 0.9214814805555556 0.6931597218750001 0.9742592583333334 0.7072800921875 0.9879629638888889 0.7432175921875 0.9874897111111111 0.7431018515625001 0.9597119333333333 0.7226504625 0.9266460916666668
0 0.64133101875 0.9110493833333333 0.63195601875 0.9111728388888889 0.6133101859375001 0.9364197527777778 0.615046296875 0.9780658444444444 0.6229050921875 0.989074075 0.6588425921875001 0.9886008222222222 0.6570370375000001 0.9302880666666666 0.64133101875 0.9110493833333333
0 0.33141258125 0 0.333009259375 0.04283950555555555 0.3409143515625 0.06495884722222223 0.3534490734375 0.07312757222222221 0.36748842656249997 0.06738683055555555 0.37368055624999996 0.05341563888888889 0.3735300921875 0.01730452777777778 0.3673457359375 0 0.33141258125 0
0 0.5210879625 0.17925925833333334 0.522546296875 0.15423868333333332 0.5130324078124999 0.12102880555555555 0.5067708328125 0.11833333333333333 0.505196759375 0.11557613055555556 0.486516203125 0.1324897111111111 0.48034722187499995 0.1520164611111111 0.4804629625 0.1797942388888889 0.49616898125000003 0.19903292222222224 0.5133449078125001 0.19602880555555555 0.5210879625 0.17925925833333334
0 0.29731481406250004 0.8516872416666668 0.297141203125 0.810020575 0.28144675937499997 0.7935596694444444 0.279884259375 0.7935802472222223 0.26585648125 0.8020987666666667 0.2596759265625 0.8188477361111112 0.25513888906250004 0.8550205750000001 0.26303240781250004 0.8743621388888889 0.28332175937500004 0.8685390944444445 0.29731481406250004 0.8516872416666668
0 0.43953703749999995 0.8581481472222222 0.439409721875 0.8275925916666667 0.426828703125 0.8083127583333334 0.419016203125 0.8084156388888889 0.4065393515625 0.8141358027777778 0.397303240625 0.8475925916666667 0.40366898124999995 0.8752880666666667 0.41310185156249996 0.8890534972222223 0.43025462968749995 0.8804938277777777 0.43953703749999995 0.8581481472222222
0 0.23004629687499997 0.8331275722222222 0.22678240781249998 0.7998353916666667 0.2110879625 0.7833744861111112 0.2079629625 0.7834156388888889 0.19398148125 0.8030452666666666 0.184722221875 0.8309465027777777 0.186365740625 0.8503703694444444 0.20047453750000002 0.8612962972222222 0.22387731406250003 0.8526543222222223 0.23004629687499997 0.8331275722222222
0 0.5993287031250001 0.5810288055555556 0.5929050921875 0.5394444444444444 0.5850694437499999 0.5339917694444444 0.57413194375 0.5341358027777778 0.5647800921874999 0.539814813888889 0.5570486109375 0.5593621388888889 0.5603240734375 0.5954321 0.5744560187500001 0.6119135805555556 0.591608796875 0.6033539083333334 0.5993287031250001 0.5810288055555556
0 0.5913773140624999 0.17277777777777778 0.5911574078124999 0.12000000000000001 0.5848611109374999 0.10897119444444445 0.5723611109375 0.10913580277777778 0.55836805625 0.12598765555555555 0.5537615734375 0.14549382777777778 0.555428240625 0.17047325 0.5679976859375 0.1869753083333333 0.5820601859375001 0.18679012222222222 0.5913773140624999 0.17277777777777778
0 0.37312500000000004 0.29510288055555556 0.3714236109375 0.2617901222222222 0.3572916671875 0.24530864166666666 0.3486979171875 0.24542181111111108 0.3401041671875 0.24553498055555556 0.3323611109375 0.2623045277777778 0.3324884265625 0.29286008333333335 0.3466550921875 0.3176748972222222 0.3591550921875 0.3175102888888889 0.37312500000000004 0.29510288055555556
0 0.7496296296875 0.27625514444444443 0.7339814812500001 0.27090535 0.71991898125 0.2710905361111111 0.705972221875 0.29905349722222224 0.7092013890625 0.32401234444444443 0.7217708328125 0.3405144027777778 0.7327083328125 0.34037036944444443 0.75131944375 0.30679012222222224 0.7496296296875 0.27625514444444443
0 0.666203703125 0.13012345555555557 0.655196759375 0.11360082222222222 0.652071759375 0.11364197499999999 0.627141203125 0.13063786111111111 0.6257523140625 0.17232510277777777 0.636759259375 0.1888477361111111 0.652384259375 0.18864197500000002 0.6632291671874999 0.16627571944444444 0.666203703125 0.13012345555555557
0 0.29392361093749997 0.4128189305555555 0.2797453703125 0.38522633611111107 0.2672453703125 0.3853909472222223 0.2501273140625 0.40228395000000006 0.24865740781249998 0.42452675 0.258125 0.44662551388888894 0.28159722187499997 0.4546502055555555 0.2909143515625 0.4406378611111111 0.29392361093749997 0.4128189305555555
0 0.3398148140625 0.9261316861111111 0.3242708328125 0.9457818916666666 0.3197800921875 0.9930658444444446 0.36351851874999996 0.9897119333333333 0.361759259375 0.9425102888888889 0.3476273140625 0.9260288055555554 0.3398148140625 0.9261316861111111
0 0.231990740625 0.1747325111111111 0.2303009265625 0.14419753055555556 0.22085648125000001 0.12765432222222223 0.20526620312500002 0.13619341666666665 0.20202546250000003 0.10845678888888889 0.2004513890625 0.10569958888888888 0.20052083281250002 0.12236625555555555 0.189652778125 0.13917695555555556 0.189722221875 0.15584362222222223 0.1992361109375 0.18905349722222223 0.2227083328125 0.1970781888888889 0.231990740625 0.1747325111111111
0 0.43656249999999996 0.14425925833333333 0.41925925937499997 0.11670781944444444 0.41144675937499997 0.11681069999999999 0.40214120312499996 0.13360082222222222 0.3992013890625 0.17808641944444442 0.40864583281250005 0.19462963055555554 0.42115740781250005 0.1972427972222222 0.43516203750000004 0.183168725 0.43656249999999996 0.14425925833333333
0 0.3613773140625 0.8508436222222222 0.3534259265625 0.8176131694444444 0.3377546296875 0.8067078194444444 0.3361921296875 0.8067283944444443 0.317534721875 0.8291975305555557 0.31606481406250003 0.8514403305555557 0.3192476859375 0.8652880666666667 0.33180555625 0.8790123444444444 0.3583101859375 0.8647736638888889 0.3613773140625 0.8508436222222222
0 0.732152778125 0.2070370361111111 0.7398958328125 0.1902674888888889 0.7491319437499999 0.1568107 0.7475115734375 0.14294238611111112 0.7396643515625 0.13471193333333334 0.7334143515625 0.1347942388888889 0.7225231484375 0.14604938333333334 0.7146990734374999 0.14337448611111112 0.70694444375 0.15736625555555556 0.7054976859375001 0.18516460833333334 0.7149537031250001 0.2044855972222222 0.732152778125 0.2070370361111111
0 0.5664120375 0.9314814805555555 0.5601620375 0.931563786111111 0.552384259375 0.94 0.5477777781250001 0.9595061722222221 0.5479050921875 0.9900617277777777 0.5916550921875 0.9894855972222222 0.5789120375000001 0.9313168722222221 0.5664120375 0.9314814805555555
0 0.57506944375 0.38411522500000006 0.56100694375 0.38430041111111113 0.5563888890625 0.4010288055555556 0.55805555625 0.4260082305555556 0.58 0.4423868305555555 0.594016203125 0.4310905361111111 0.5954513890625 0.4005144027777777 0.57506944375 0.38411522500000006
0 0.4142476859375 0.41401234444444446 0.4095601859375 0.414074075 0.40652777812499996 0.43633744722222223 0.4113078703125 0.4584979416666667 0.43320601875 0.4637654333333333 0.444097221875 0.4525102888888889 0.4455671296875 0.4302674888888889 0.4142476859375 0.41401234444444446