0 0.2978125 0.2685596694444445 0.287222221875 0.24049382777777775 0.246875 0.21720164722222224 0.2265625 0.23588751944444444 0.2265625 0.27350355277777777 0.2579513890625 0.33141975277777774 0.2688980609375 0.3333333333333333 0.277756184375 0.3333333333333333 0.29413194374999996 0.3129218111111111 0.2978125 0.2685596694444445
0 0.2316666671875 0.7194444444444444 0.2399421296875 0.7746913583333334 0.2803125 0.7425308638888889 0.284375 0.7089160833333333 0.284375 0.7048580249999999 0.2782175921875 0.6787037027777778 0.2536883671875 0.6694444444444444 0.25106592499999997 0.6694444444444444 0.2392245375 0.6885802472222222 0.2316666671875 0.7194444444444444
0 0.2640625 0.5091358027777778 0.2517013890625 0.519753086111111 0.244409721875 0.5611111111111111 0.2573218109375 0.6055555555555555 0.25861144999999996 0.6055555555555555 0.2869791671875 0.5933333333333333 0.29461805625 0.5797530861111111 0.296875 0.5437489694444444 0.296875 0.5373971944444444 0.28756944375 0.5156172833333333 0.2640625 0.5091358027777778
0 0.3578125 0.27452675 0.35625 0.22444444444444445 0.325 0.1839094638888889 0.3140625 0.20833333333333334 0.315625 0.27230452777777775 0.3335106390625 0.29444444444444445 0.33790760625 0.29444444444444445 0.35 0.2907818916666667 0.3578125 0.27452675
0 0.6703125 0.0006790111111111111 0.6375 0.0002469138888888889 0.620659721875 0.027798352777777778 0.61944444375 0.05555555555555555 0.6259375 0.07508230555555556 0.648414184375 0.08333333333333333 0.6496734921875 0.08333333333333333 0.6631944437499999 0.05613168611111111 0.6703125 0.0006790111111111111
0 0.2046875 0.9228806583333333 0.180277778125 0.9694444444444444 0.18062499999999998 0.9972222222222222 0.214965278125 0.9953497944444444 0.2288541671875 0.9818312749999999 0.23125 0.9579439249999999 0.23125 0.9530769722222222 0.2235416671875 0.9317078194444444 0.2046875 0.9228806583333333
0 0.33125 0 0.336446759375 0.06098765555555556 0.3459375 0.07462963055555555 0.3662268515625 0.07131687222222223 0.375 0.04168708333333333 0.375 0.037649355555555555 0.371990740625 0.012818930555555556 0.36456323125 0 0.33125 0
0 0.69288194375 0.3888888888888889 0.7073958328125001 0.3527777777777778 0.7029861109375 0.33055555555555555 0.684375 0.3194444444444444 0.670277778125 0.32222222222222224 0.6625 0.34099616666666666 0.6625 0.37328575277777776 0.6756249999999999 0.39444444444444443 0.69288194375 0.3888888888888889
0 0.2671875 0.38744855833333336 0.24851851875 0.40565843611111113 0.2470486109375 0.42777777777777776 0.256516203125 0.4506172833333333 0.27485387656250004 0.4583333333333333 0.28150516875 0.4583333333333333 0.28930555625 0.44722222222222224 0.290625 0.4164232777777778 0.290625 0.41372838055555555 0.2828356484375 0.39403292222222225 0.2671875 0.38744855833333336
0 0.2232986109375 0.8072222222222223 0.2109375 0.7900617277777777 0.19368055625 0.79771605 0.18125 0.8323028166666666 0.18125 0.8361485361111111 0.18380320156250002 0.8555555555555555 0.22012025624999998 0.8555555555555555 0.2262384265625 0.8295679 0.2232986109375 0.8072222222222223
0 0.1859375 0.1665452361111111 0.1859375 0.17110273888888888 0.195659721875 0.20205761388888888 0.2063078703125 0.2152263361111111 0.220428240625 0.21152263333333335 0.23038194375 0.18312757222222223 0.22627314843750002 0.1556584361111111 0.2036390234375 0.14444444444444443 0.1995277046875 0.14444444444444443 0.188946759375 0.14979423888888888 0.1859375 0.1665452361111111
0 0.3984375 0.1830485861111111 0.40625 0.19987654444444444 0.425 0.19962963055555558 0.43478009218749997 0.18006172777777776 0.435358796875 0.15228395 0.42046970000000006 0.125 0.4077722125 0.125 0.3984375 0.15360486944444446 0.3984375 0.1830485861111111
0 0.625 0.17314188611111112 0.625 0.17827102777777779 0.630972221875 0.19166666666666668 0.6481365734375 0.19722222222222222 0.66070601875 0.18055555555555555 0.664027778125 0.13333333333333333 0.659375 0.125 0.64375 0.125 0.62649305625 0.14166666666666666 0.625 0.17314188611111112
0 0.2515625 0.8642512305555556 0.2678125 0.8713168722222223 0.289965278125 0.8479423861111111 0.29190972187500003 0.8173045277777777 0.281215278125 0.7984362138888889 0.2728552859375 0.7972222222222223 0.26682925156250004 0.7972222222222223 0.2515625 0.8322963055555556 0.2515625 0.8642512305555556
0 0.5890625 0.39858024722222224 0.5640625 0.3892592583333333 0.55625 0.40561728333333336 0.5546875 0.4361111111111111 0.5640625 0.4587037027777778 0.5747767859375 0.4638888888888889 0.5775799421875 0.4638888888888889 0.5921875 0.45148148055555554 0.5890625 0.39858024722222224
0 0.7046875 0.19166666666666668 0.7203125 0.21604938333333332 0.73125 0.21283950555555553 0.746875 0.17055555555555554 0.746875 0.15388888888888888 0.74004464375 0.14444444444444443 0.736691809375 0.14444444444444443 0.7078125 0.16098765555555555 0.7046875 0.19166666666666668
0 0.296875 0.9968152722222222 0.296875 0.994037038888889 0.293796365625 0.9694444444444444 0.2671866 0.9694444444444444 0.26597222187499997 0.9972222222222222 0.296875 0.9968152722222222