0 0.7765625 0.7055555555555556 0.7765625 0.6888888888888889 0.7625 0.6583333333333333 0.7421875 0.6583333333333333 0.7359375 0.6694444444444444 0.7375 0.7166666666666667 0.7546875 0.725 0.7765625 0.7055555555555556
0 0.2609375 0.8055555555555556 0.25 0.7916666666666666 0.2375 0.7916666666666666 0.225 0.8055555555555556 0.2234375 0.8555555555555555 0.2515625 0.8555555555555555 0.2609375 0.8416666666666667 0.2609375 0.8055555555555556
0 0.334375 0.07777777777777778 0.3421875 0.05555555555555555 0.3421875 0.027777777777777776 0.3375 0.016666666666666666 0.325 0.002777777777777778 0.3015625 0.002777777777777778 0.296875 0.008333333333333333 0.3 0.07777777777777778 0.3140625 0.08888888888888889 0.334375 0.07777777777777778
0 0.5546875 0.19166666666666668 0.5546875 0.14444444444444443 0.5484375 0.13055555555555556 0.53125 0.12777777777777777 0.51875 0.14166666666666666 0.5171875 0.19166666666666668 0.5234375 0.20277777777777778 0.5421875 0.20555555555555555 0.5546875 0.19166666666666668
0 0.621875 0.07777777777777778 0.6296875 0.058333333333333334 0.628125 0.005555555555555556 0.6 0 0.5859375 0.016666666666666666 0.5859375 0.06111111111111111 0.6 0.08055555555555556 0.621875 0.07777777777777778
0 0.396875 0.8777777777777778 0.409375 0.8666666666666667 0.4109375 0.8166666666666667 0.4 0.8055555555555556 0.38125 0.8083333333333333 0.375 0.8166666666666667 0.375 0.8694444444444445 0.38125 0.8777777777777778 0.396875 0.8777777777777778
0 0.7109375 0.8555555555555555 0.7109375 0.8305555555555556 0.7046875 0.8055555555555556 0.6734375 0.8055555555555556 0.671875 0.8527777777777777 0.6875 0.8666666666666667 0.70625 0.8666666666666667 0.7109375 0.8555555555555555
0 0.4484375 0 0.4421875 0.016666666666666666 0.44375 0.075 0.4625 0.09166666666666666 0.4859375 0.08055555555555556 0.49375 0.05555555555555555 0.4875 0.008333333333333333 0.4796875 0 0.4484375 0
0 0.49375 0.9555555555555556 0.4890625 0.9361111111111111 0.4796875 0.9277777777777778 0.4484375 0.9305555555555556 0.4421875 0.9416666666666667 0.4421875 0.9916666666666667 0.4921875 0.9888888888888889 0.49375 0.9555555555555556
0 0.7375 0.09166666666666666 0.753125 0.09166666666666666 0.7671875 0.06666666666666667 0.7703125 0.008333333333333333 0.7546875 0.008333333333333333 0.7484375 0.016666666666666666 0.7359375 0.008333333333333333 0.7375 0.013888888888888888 0.7234375 0.030555555555555555 0.725 0.075 0.7375 0.09166666666666666
0 0.3265625 0.20277777777777778 0.3359375 0.18888888888888888 0.340625 0.15555555555555556 0.3265625 0.12777777777777777 0.3015625 0.12777777777777777 0.296875 0.13333333333333333 0.296875 0.16666666666666666 0.3140625 0.20555555555555555 0.3265625 0.20277777777777778
0 0.634375 0.9416666666666667 0.621875 0.9277777777777778 0.6046875 0.9305555555555556 0.59375 0.9416666666666667 0.59375 0.9888888888888889 0.6359375 0.9944444444444445 0.634375 0.9416666666666667
0 0.5671875 0.9888888888888889 0.5671875 0.9527777777777777 0.546875 0.9138888888888889 0.51875 0.9166666666666666 0.51875 0.9333333333333333 0.5125 0.9416666666666667 0.5140625 0.9944444444444445 0.5671875 0.9888888888888889
0 0.7734375 0.9638888888888889 0.7546875 0.9166666666666666 0.73125 0.9166666666666666 0.725 0.925 0.721875 0.9777777777777777 0.73125 0.9916666666666667 0.7734375 0.9916666666666667 0.7734375 0.9638888888888889
0 0.5609375 0.8555555555555555 0.5609375 0.8305555555555556 0.55 0.8138888888888889 0.525 0.8166666666666667 0.5234375 0.8666666666666667 0.5375 0.8888888888888888 0.5484375 0.8888888888888888 0.5609375 0.8555555555555555
0 0.3890625 0.2 0.3984375 0.18333333333333332 0.3984375 0.1527777777777778 0.3828125 0.13055555555555556 0.3640625 0.13055555555555556 0.35625 0.14166666666666666 0.35625 0.18888888888888888 0.375 0.20555555555555555 0.3890625 0.2
0 0.3484375 0.8416666666666667 0.34375 0.7916666666666666 0.3171875 0.7916666666666666 0.30625 0.8083333333333333 0.3046875 0.8611111111111112 0.309375 0.8666666666666667 0.334375 0.8666666666666667 0.3484375 0.8416666666666667
0 0.3484375 0.9472222222222222 0.340625 0.9333333333333333 0.3125 0.9333333333333333 0.30625 0.9416666666666667 0.30625 0.9944444444444445 0.3484375 0.9888888888888889 0.3484375 0.9472222222222222
0 0.2578125 0.21666666666666667 0.26875 0.20555555555555555 0.2734375 0.19444444444444445 0.2734375 0.1638888888888889 0.2546875 0.14166666666666666 0.2359375 0.14166666666666666 0.23125 0.14444444444444443 0.23125 0.17777777777777778 0.24375 0.20833333333333334 0.2578125 0.21666666666666667
0 0.2828125 0.9027777777777778 0.25625 0.9083333333333333 0.2359375 0.9527777777777777 0.234375 0.9944444444444445 0.275 0.9888888888888889 0.2859375 0.9666666666666667 0.2828125 0.9027777777777778
0 0.4734375 0.2 0.48125 0.17777777777777778 0.4796875 0.14166666666666666 0.4671875 0.125 0.4515625 0.125 0.446875 0.13055555555555556 0.4484375 0.19166666666666668 0.45625 0.2 0.4734375 0.2
0 0.55 0.33055555555555555 0.5546875 0.2777777777777778 0.546875 0.2638888888888889 0.51875 0.2638888888888889 0.51875 0.3194444444444444 0.525 0.33055555555555555 0.55 0.33055555555555555
0 0.2953125 0 0.296875 0.06944444444444445 0.3109375 0.08888888888888889 0.3328125 0.08333333333333333 0.3421875 0.06111111111111111 0.340625 0.025 0.31875 0 0.2953125 0
0 0.621875 0.08055555555555556 0.63125 0.06111111111111111 0.6328125 0 0.5953125 0.008333333333333333 0.5859375 0.03333333333333333 0.5890625 0.06388888888888888 0.6 0.08333333333333333 0.621875 0.08055555555555556
0 0.440625 0 0.4390625 0.058333333333333334 0.4484375 0.08055555555555556 0.475 0.09166666666666666 0.4890625 0.07777777777777778 0.4984375 0.03611111111111111 0.484375 0 0.440625 0
0 0.2796875 0.07222222222222222 0.28125 0.03611111111111111 0.2640625 0.008333333333333333 0.2515625 0 0.2265625 0.008333333333333333 0.2265625 0.044444444444444446 0.2484375 0.09166666666666666 0.2703125 0.09166666666666666 0.2796875 0.07222222222222222
0 0.5140625 0 0.509375 0.05277777777777778 0.5203125 0.07777777777777778 0.5421875 0.08611111111111111 0.559375 0.07222222222222222 0.5609375 0 0.5140625 0
0 0.409375 0.08333333333333333 0.41875 0.05 0.4046875 0.008333333333333333 0.3671875 0 0.365625 0.03611111111111111 0.375 0.08333333333333333 0.3828125 0.09166666666666666 0.409375 0.08333333333333333
0 0.75 0 0.7265625 0.03333333333333333 0.728125 0.075 0.7390625 0.09166666666666666 0.75625 0.09166666666666666 0.778125 0.041666666666666664 0.7796875 0.008333333333333333 0.778125 0 0.75 0
0 0.7046875 0.9416666666666667 0.69375 0.9138888888888889 0.678125 0.9111111111111111 0.665625 0.9277777777777778 0.6609375 0.9638888888888889 0.66875 0.9861111111111112 0.7078125 0.9972222222222222 0.7046875 0.9416666666666667
0 0.7109375 0.8416666666666667 0.7 0.8027777777777778 0.684375 0.8 0.6734375 0.8138888888888889 0.675 0.8555555555555555 0.6953125 0.8694444444444445 0.7078125 0.8638888888888889 0.7109375 0.8416666666666667
0 0.621875 0.9833333333333333 0.6015625 0.9722222222222222 0.596875 0.9805555555555555 0.609375 0.9972222222222222 0.625 0.9972222222222222 0.621875 0.9833333333333333
0 0.63125 0.8722222222222222 0.6328125 0.825 0.625 0.8083333333333333 0.6109375 0.8027777777777778 0.5953125 0.8194444444444444 0.59375 0.8527777777777777 0.6 0.8666666666666667 0.6171875 0.8805555555555555 0.63125 0.8722222222222222
0 0.475 0.5861111111111111 0.4796875 0.5611111111111111 0.471875 0.5361111111111111 0.453125 0.5277777777777778 0.440625 0.5444444444444444 0.4390625 0.575 0.4453125 0.5916666666666667 0.4625 0.6 0.475 0.5861111111111111
0 0.5578125 0.8305555555555556 0.5453125 0.8138888888888889 0.525 0.8305555555555556 0.525 0.8694444444444445 0.5390625 0.8888888888888888 0.553125 0.8861111111111111 0.5578125 0.8305555555555556
0 0.4171875 0.9416666666666667 0.4109375 0.9138888888888889 0.39375 0.9166666666666666 0.38125 0.9305555555555556 0.375 0.9416666666666667 0.375 0.9944444444444445 0.4171875 0.9888888888888889 0.4171875 0.9416666666666667
0 0.690625 0.19166666666666668 0.6984375 0.16666666666666666 0.6984375 0.13055555555555556 0.675 0.125 0.6625 0.13333333333333333 0.65625 0.14166666666666666 0.65625 0.18055555555555555 0.66875 0.19444444444444445 0.690625 0.19166666666666668
0 0.765625 0.14166666666666666 0.7390625 0.14166666666666666 0.7296875 0.1527777777777778 0.7296875 0.20833333333333334 0.7546875 0.20833333333333334 0.7671875 0.17777777777777778 0.765625 0.14166666666666666
0 0.6609375 0 0.65 0.016666666666666666 0.6515625 0.05277777777777778 0.671875 0.075 0.6875 0.058333333333333334 0.6953125 0 0.6609375 0