0 0.7625 0.7416666666666667 0.7625 0.7111111111111111 0.725 0.6555555555555556 0.703125 0.6555555555555556 0.6890625 0.6833333333333333 0.6875 0.7222222222222222 0.7015625 0.7472222222222222 0.746875 0.7666666666666667 0.7625 0.7416666666666667
0 0.7765625 0.6055555555555555 0.7890625 0.5805555555555556 0.784375 0.5472222222222223 0.75625 0.5305555555555556 0.7453125 0.5138888888888888 0.7203125 0.525 0.7125 0.5444444444444444 0.7109375 0.5833333333333334 0.7203125 0.6055555555555555 0.7296875 0.6111111111111112 0.7765625 0.6055555555555555
0 0.60625 0.7472222222222222 0.60625 0.7222222222222222 0.590625 0.6555555555555556 0.5609375 0.6555555555555556 0.54375 0.6888888888888889 0.54375 0.7277777777777777 0.55625 0.7527777777777778 0.590625 0.7722222222222223 0.60625 0.7472222222222222
0 0.45 0.5916666666666667 0.45 0.5472222222222223 0.4328125 0.5194444444444445 0.409375 0.5222222222222223 0.39375 0.55 0.3921875 0.5888888888888889 0.40625 0.6194444444444445 0.434375 0.6194444444444445 0.45 0.5916666666666667
0 0.665625 0.625 0.678125 0.6055555555555555 0.678125 0.5722222222222222 0.6546875 0.5388888888888889 0.634375 0.5388888888888889 0.621875 0.5638888888888889 0.6203125 0.5888888888888889 0.625 0.6083333333333333 0.6359375 0.6222222222222222 0.665625 0.625
0 0.2953125 0.575 0.29375 0.5222222222222223 0.2796875 0.5083333333333333 0.25625 0.5111111111111111 0.2453125 0.5444444444444444 0.2453125 0.5722222222222222 0.2578125 0.6055555555555555 0.2859375 0.5916666666666667 0.2953125 0.575
0 0.5203125 0.43333333333333335 0.5203125 0.39444444444444443 0.50625 0.36666666666666664 0.4890625 0.36666666666666664 0.471875 0.39444444444444443 0.471875 0.43333333333333335 0.4828125 0.45 0.5015625 0.45555555555555555 0.5203125 0.43333333333333335
0 0.5140625 0.6138888888888889 0.521875 0.5833333333333334 0.5140625 0.5416666666666666 0.490625 0.5305555555555556 0.4765625 0.5472222222222223 0.471875 0.5861111111111111 0.478125 0.6083333333333333 0.4984375 0.625 0.5140625 0.6138888888888889
0 0.6796875 0.37222222222222223 0.6765625 0.3472222222222222 0.66875 0.33611111111111114 0.640625 0.3333333333333333 0.628125 0.3527777777777778 0.6265625 0.3972222222222222 0.6453125 0.4166666666666667 0.6625 0.4111111111111111 0.6796875 0.37222222222222223
0 0.365625 0.45 0.3734375 0.4361111111111111 0.3734375 0.38055555555555554 0.3546875 0.35833333333333334 0.340625 0.3611111111111111 0.33125 0.39444444444444443 0.3328125 0.4305555555555556 0.3421875 0.45 0.365625 0.45
0 0.2171875 0.9972222222222222 0.2296875 0.9805555555555555 0.23125 0.9444444444444444 0.21875 0.9222222222222223 0.203125 0.9194444444444444 0.190625 0.9361111111111111 0.1890625 0.9527777777777777 0.1765625 0.9722222222222222 0.178125 0.9972222222222222 0.2171875 0.9972222222222222
0 0.33125 0 0.3328125 0.05277777777777778 0.3390625 0.07222222222222222 0.359375 0.07777777777777778 0.3734375 0.06388888888888888 0.3734375 0.016666666666666666 0.365625 0 0.33125 0
0 0.7390625 0.9944444444444445 0.7390625 0.975 0.73125 0.9555555555555556 0.7171875 0.95 0.715625 0.9138888888888889 0.6890625 0.9305555555555556 0.6875 0.9722222222222222 0.69375 0.9888888888888889 0.70625 0.9972222222222222 0.7390625 0.9944444444444445
0 0.6515625 0.9388888888888889 0.640625 0.9361111111111111 0.640625 0.925 0.63125 0.9194444444444444 0.6109375 0.9388888888888889 0.609375 0.9805555555555555 0.6140625 0.9916666666666667 0.6546875 0.9972222222222222 0.6515625 0.9388888888888889
0 0.5203125 0.18611111111111112 0.521875 0.15555555555555556 0.5125 0.12777777777777777 0.4953125 0.125 0.484375 0.1388888888888889 0.4796875 0.18055555555555555 0.4875 0.2 0.5046875 0.20555555555555555 0.5203125 0.18611111111111112
0 0.434375 0.8722222222222222 0.4359375 0.8333333333333334 0.4296875 0.8194444444444444 0.4078125 0.8138888888888889 0.396875 0.8305555555555556 0.3953125 0.8638888888888889 0.40625 0.8916666666666667 0.41875 0.8944444444444445 0.434375 0.8722222222222222
0 0.5890625 0.18611111111111112 0.5921875 0.1361111111111111 0.5859375 0.11666666666666667 0.5703125 0.11666666666666667 0.553125 0.14166666666666666 0.5515625 0.1638888888888889 0.5578125 0.18888888888888888 0.5765625 0.19722222222222222 0.5890625 0.18611111111111112
0 0.29375 0.8555555555555555 0.2953125 0.825 0.2859375 0.8027777777777778 0.2671875 0.8 0.2578125 0.8166666666666667 0.2515625 0.8583333333333333 0.259375 0.8777777777777778 0.2796875 0.8722222222222222 0.29375 0.8555555555555555
0 0.3359375 0.8833333333333333 0.35625 0.8666666666666667 0.3578125 0.8416666666666667 0.35 0.8194444444444444 0.340625 0.8111111111111111 0.321875 0.8166666666666667 0.3125 0.8333333333333334 0.3140625 0.8638888888888889 0.321875 0.8805555555555555 0.3359375 0.8833333333333333
0 0.7515625 0.30833333333333335 0.75 0.28888888888888886 0.7390625 0.28055555555555556 0.7171875 0.28055555555555556 0.70625 0.2972222222222222 0.70625 0.3277777777777778 0.71875 0.35 0.7390625 0.3416666666666667 0.7515625 0.30833333333333335
0 0.665625 0.1527777777777778 0.6609375 0.125 0.6390625 0.125 0.625 0.14166666666666666 0.628125 0.19166666666666668 0.6453125 0.2 0.6609375 0.18611111111111112 0.665625 0.1527777777777778
0 0.5921875 0.6055555555555555 0.596875 0.5694444444444444 0.5890625 0.5472222222222223 0.571875 0.5416666666666666 0.5578125 0.5583333333333333 0.5546875 0.5916666666666667 0.5640625 0.6138888888888889 0.5765625 0.6194444444444445 0.5921875 0.6055555555555555
0 0.5921875 0.4388888888888889 0.5953125 0.4111111111111111 0.590625 0.38055555555555554 0.5640625 0.375 0.55625 0.39166666666666666 0.5546875 0.42777777777777776 0.5609375 0.44166666666666665 0.5765625 0.45 0.5921875 0.4388888888888889
0 0.2890625 0.4444444444444444 0.2921875 0.41388888888888886 0.284375 0.39444444444444443 0.2703125 0.3861111111111111 0.2515625 0.4 0.246875 0.42777777777777776 0.25625 0.45 0.2796875 0.4583333333333333 0.2890625 0.4444444444444444
0 0.4359375 0.18611111111111112 0.434375 0.14444444444444443 0.41875 0.12222222222222222 0.409375 0.12222222222222222 0.4015625 0.1361111111111111 0.3984375 0.18611111111111112 0.4125 0.20277777777777778 0.4296875 0.19722222222222222 0.4359375 0.18611111111111112
0 0.3671875 0.3138888888888889 0.371875 0.26944444444444443 0.365625 0.25833333333333336 0.3390625 0.25 0.3328125 0.2611111111111111 0.33125 0.2972222222222222 0.340625 0.3194444444444444 0.3546875 0.325 0.3671875 0.3138888888888889
0 0.23125 0.14444444444444443 0.2234375 0.12777777777777777 0.19375 0.11944444444444445 0.1859375 0.13333333333333333 0.2 0.18888888888888888 0.21875 0.19166666666666668 0.2265625 0.18333333333333332 0.23125 0.14444444444444443
0 0.3375 0.9305555555555556 0.31875 0.9555555555555556 0.3171875 0.9972222222222222 0.359375 0.9944444444444445 0.35625 0.9416666666666667 0.3375 0.9305555555555556
0 0.5765625 0.95 0.5765625 0.9388888888888889 0.55625 0.9388888888888889 0.54375 0.9611111111111111 0.54375 0.9972222222222222 0.5890625 0.9972222222222222 0.584375 0.9583333333333334 0.5765625 0.95
0 0.7484375 0.16666666666666666 0.740625 0.14444444444444443 0.7078125 0.15833333333333333 0.7046875 0.19722222222222222 0.7171875 0.21666666666666667 0.73125 0.21666666666666667 0.7484375 0.16666666666666666
0 0.2234375 0.85 0.2234375 0.8111111111111111 0.215625 0.8027777777777778 0.1890625 0.8111111111111111 0.18125 0.8333333333333334 0.184375 0.8555555555555555 0.196875 0.8638888888888889 0.2234375 0.85
0 0.44375 0.4583333333333333 0.4453125 0.4305555555555556 0.41875 0.41388888888888886 0.4078125 0.41388888888888886 0.4046875 0.4222222222222222 0.403125 0.44166666666666665 0.409375 0.4638888888888889 0.43125 0.4722222222222222 0.44375 0.4583333333333333