0 0.2953125 0.245 0.284375 0.2286214 0.265625 0.22633744722222224 0.2484375 0.2129012333333333 0.2375 0.2131893 0.225 0.23851851944444447 0.2265625 0.2662551444444444 0.259375 0.3237242805555555 0.2859375 0.3202469138888889 0.2984375 0.28658436111111113 0.2953125 0.245
0 0.284375 0.7036214000000001 0.2796875 0.6759670777777778 0.2625 0.6597530861111112 0.2609375 0.6597942388888889 0.24375 0.671358025 0.23125 0.7133539083333333 0.23125 0.7411316861111111 0.240625 0.7686625527777778 0.28125 0.7314814805555555 0.284375 0.7036214000000001
0 0.2953125 0.5672222222222222 0.2953125 0.5227777777777778 0.28125 0.500925925 0.27265625 0.5011522638888889 0.25625 0.5043621388888889 0.24375 0.5435802472222222 0.2453125 0.5657613166666666 0.25625 0.5988065833333334 0.2859375 0.5841358027777778 0.2953125 0.5672222222222222
0 0.3578125 0.21835390833333332 0.325 0.1747736638888889 0.3234375 0.1748148138888889 0.3140625 0.19728394999999999 0.3125 0.2501028805555556 0.321875 0.2748559666666667 0.3421875 0.2854321 0.3578125 0.26279835277777774 0.3578125 0.21835390833333332
0 0.6307793671875 0 0.6203125 0.011440330555555555 0.61875 0.04203703611111111 0.6265625 0.061275719444444446 0.6546875 0.06331275833333333 0.6681205546875 0 0.6307793671875 0
0 0.330231090625 0 0.3328125 0.04123456666666667 0.3453125 0.06590535 0.3609375 0.06549382777777778 0.3734375 0.04572016388888889 0.3734375 0.0068312749999999995 0.369537125 0 0.330231090625 0
0 0.1796875 0.9924897111111111 0.203125 0.9918724277777777 0.2046875 0.9834979416666667 0.215625 0.9887654333333333 0.21875 0.9775720166666667 0.228125 0.9745473250000001 0.23125 0.9466872416666667 0.2171875 0.9165020583333333 0.209375 0.9167078194444445 0.2015625 0.9169135805555555 0.2015625 0.9252469138888889 0.1921875 0.9310493833333333 0.1921875 0.9477160499999999 0.178125 0.9703086416666666 0.1796875 0.9924897111111111
0 0.7078125 0.33413580277777777 0.7015625 0.3093004111111111 0.684375 0.30141975277777777 0.6734375 0.3017078194444444 0.665625 0.3102469138888889 0.6609375 0.34648148055555555 0.66875 0.36849794166666666 0.6796875 0.3765432111111111 0.6921875 0.3706584361111111 0.7078125 0.33413580277777777
0 0.225 0.8051851861111111 0.215625 0.7832098777777777 0.20625 0.7834567888888889 0.2046875 0.7807201638888889 0.1921875 0.7949382722222222 0.18125 0.8257818916666666 0.184375 0.8506995888888889 0.196875 0.8587037027777777 0.2234375 0.844115225 0.225 0.8051851861111111
0 0.2890625 0.43683127499999996 0.2921875 0.4117489722222222 0.2828125 0.38421810833333336 0.271875 0.38172839444444445 0.2703125 0.37899176944444446 0.253125 0.39055555555555554 0.246875 0.40460905277777776 0.246875 0.4212757194444444 0.25625 0.44325102777777775 0.2796875 0.4509670777777778 0.2890625 0.43683127499999996
0 0.5953125 0.4093209888888889 0.5921875 0.3844032916666667 0.5765625 0.37370370277777776 0.5640625 0.3740329222222222 0.5546875 0.3992798361111112 0.5546875 0.4187242805555556 0.5625 0.44074074166666666 0.571875 0.4488271611111111 0.590625 0.43722222222222223 0.5953125 0.4093209888888889
0 0.2921875 0.8367489722222222 0.290625 0.8062345666666666 0.278125 0.7898971194444444 0.2671875 0.790185186111111 0.259375 0.8015020583333334 0.25 0.8406378611111112 0.2515625 0.857263375 0.2578125 0.8654321 0.2828125 0.8564403305555555 0.2921875 0.8367489722222222
0 0.6609375 0.16314814722222223 0.665625 0.12413580277777779 0.659375 0.10763374444444444 0.6515625 0.10783950555555555 0.6375 0.11098765555555556 0.625 0.13076131666666668 0.625 0.16131687222222224 0.6328125 0.17777777777777778 0.65 0.18010288055555554 0.6609375 0.16314814722222223
0 0.7390625 0.18053498055555556 0.746875 0.15532921944444444 0.746875 0.135884775 0.740625 0.12493827222222223 0.73125 0.12518518611111112 0.7125 0.13401234444444446 0.7046875 0.1536625527777778 0.70625 0.18139917777777775 0.715625 0.19504115277777778 0.728125 0.1974897111111111 0.7390625 0.18053498055555556
0 0.4359375 0.14129629722222223 0.4203125 0.11393004166666666 0.40625 0.11430041111111111 0.3984375 0.1450617277777778 0.3984375 0.17006172777777778 0.4078125 0.18925925833333332 0.4265625 0.18876543333333334 0.4359375 0.169074075 0.4359375 0.14129629722222223
0 0.225 0.14962963055555556 0.2015625 0.1391358027777778 0.1921875 0.13938271666666668 0.1859375 0.16176954722222223 0.196875 0.19759259166666665 0.215625 0.21098765555555557 0.228125 0.19399176944444443 0.23125 0.1661316861111111 0.225 0.14962963055555556
0 0.2703125 0.959547325 0.265625 0.9680041138888889 0.265625 0.990226336111111 0.296875 0.9894032916666666 0.29375 0.9672633749999999 0.2734375 0.9594650194444444 0.2703125 0.959547325