0 0.6875 0.7166666666666667 0.7 0.744115225 0.746875 0.7623251027777778 0.7625 0.7396913583333333 0.7609375 0.7036214000000001 0.7390625 0.6819753083333333 0.7255067578125 0.6555555555555556 0.7029194078125001 0.6555555555555556 0.6890625 0.6832921805555555 0.6875 0.7166666666666667
0 0.7421875 0.5146707805555556 0.7219675921875 0.5252469138888889 0.7128009265624999 0.55 0.7131018515624999 0.5861111111111111 0.72711596875 0.6083333333333333 0.7400196921875 0.6083333333333333 0.7773263890625 0.6072427972222222 0.7890625 0.5836870805555556 0.7890625 0.579721125 0.783090278125 0.5490740749999999 0.7421875 0.5146707805555556
0 0.5453125 0.6909402388888889 0.5453125 0.6958312805555555 0.5465625000000001 0.7333127583333333 0.5636458328125 0.7580864194444444 0.5917245375 0.7688271611111112 0.60273148125 0.7520164611111112 0.6059490734375 0.7297530861111111 0.593553240625 0.7049176944444445 0.5906134265625 0.6605144027777778 0.5634957671875 0.6583333333333333 0.5607838390625 0.6583333333333333 0.54836805625 0.6749588472222222 0.5453125 0.6909402388888889
0 0.409409721875 0.5226748972222222 0.39416666718750004 0.5528189305555555 0.39305555625 0.5888888888888889 0.4073270125 0.6194444444444445 0.43624530000000006 0.6194444444444445 0.45 0.5948063972222222 0.45 0.5508485416666666 0.4328125 0.5205144027777778 0.409409721875 0.5226748972222222
0 0.6221296296875 0.5694032916666667 0.6207291671874999 0.5888888888888889 0.63663194375 0.6218107 0.6663425921874999 0.6238065833333333 0.678125 0.6076063861111112 0.678125 0.570340525 0.65379355625 0.5388888888888889 0.647832125 0.5388888888888889 0.6328356484375 0.5413374472222222 0.6221296296875 0.5694032916666667
0 0.29420138906250004 0.5763168722222223 0.29351851875 0.5234979416666666 0.278125 0.5091975305555556 0.2529861109375 0.5168724277777778 0.2453125 0.5448583972222222 0.2453125 0.5518847833333334 0.25164351875 0.5974279833333334 0.263241234375 0.6055555555555555 0.26482765625 0.6055555555555555 0.2845486109375 0.592736625 0.29420138906250004 0.5763168722222223
0 0.3500578703125 0.6560082305555556 0.3328125 0.6530041138888889 0.31608796250000004 0.675 0.3188078703125 0.7305761305555556 0.331828703125 0.7557407416666666 0.3422434875 0.7611111111111111 0.343017465625 0.7611111111111111 0.3609375 0.717578425 0.3609375 0.6998406055555556 0.35810185156249996 0.6672222222222222 0.3500578703125 0.6560082305555556
0 0.471875 0.5790010083333333 0.471875 0.586083675 0.47715277812499995 0.6080864194444444 0.500347221875 0.6266049388888889 0.5114236109375 0.6150617277777778 0.521215278125 0.581358025 0.5123958328125 0.5372839500000001 0.49278409375 0.5305555555555556 0.49009516406250003 0.5305555555555556 0.47631944375 0.5498148138888889 0.471875 0.5790010083333333
0 0.4875 0.3668724277777778 0.4720023140625 0.3972222222222222 0.47371527812499997 0.4333539083333333 0.483159721875 0.4501440333333333 0.49926791093749995 0.45555555555555555 0.500672990625 0.45555555555555555 0.5203125 0.43151921666666665 0.5203125 0.39475543888888887 0.5125231484375 0.37275720277777774 0.4875 0.3668724277777778
0 0.379490740625 0.40532921944444444 0.37179398125 0.3771399166666667 0.34375 0.3562139916666666 0.3326620375 0.3917489722222222 0.33125 0.4150513777777778 0.33125 0.420116025 0.34335648124999996 0.45065843611111106 0.3525461 0.4527777777777778 0.360748121875 0.4527777777777778 0.371516203125 0.4438065833333334 0.379490740625 0.40532921944444444
0 0.671875 0.0006584361111111111 0.6375 0.0002057611111111111 0.6221296296875 0.030555555555555555 0.6256018515624999 0.07226337499999999 0.634930725 0.08333333333333333 0.6524752109375 0.08333333333333333 0.66149305625 0.06718106944444445 0.671875 0.0006584361111111111
0 0.23101851875 0.9472222222222222 0.220266203125 0.925 0.2046875 0.9194444444444444 0.1904629625 0.9388888888888889 0.1855671296875 0.9638888888888889 0.178125 0.9717572194444445 0.178125 0.9759920583333334 0.1806018515625 0.9972222222222222 0.2149768515625 0.9972222222222222 0.2307870375 0.975 0.23101851875 0.9472222222222222
0 0.471875 0.284691925 0.471875 0.28943074444444444 0.4809259265625 0.3106172833333333 0.496516203125 0.3181275722222222 0.5137731484375 0.3005555555555556 0.5154861109375 0.26436213888888893 0.5093634265625 0.23413580277777776 0.49718195 0.23333333333333334 0.48557362656249997 0.23333333333333334 0.4733333328125 0.2582510277777778 0.471875 0.284691925
0 0.33125 0 0.3351041671875 0.05841563888888889 0.3445009625 0.075 0.3670679296875 0.075 0.3734375 0.06359053611111111 0.3734375 0.017410091666666665 0.3640625 0.0008641972222222223 0.33125 0
0 0.5214236109375 0.16166666666666668 0.512465278125 0.12820987777777776 0.496875 0.12522633611111111 0.4841666671875 0.14172839444444443 0.4796875 0.15933663611111112 0.4796875 0.1661460138888889 0.48197916718749995 0.19170781944444443 0.4956446984375 0.20555555555555555 0.49660097187499996 0.20555555555555555 0.5131249999999999 0.20045267500000002 0.5214236109375 0.16166666666666668
0 0.3960995375 0.8611111111111112 0.407546296875 0.8910905361111111 0.4200925921875 0.8932098777777778 0.435347221875 0.8701646083333333 0.4359375 0.8450059694444445 0.4359375 0.8306504444444444 0.4282175921875 0.8177160499999999 0.41080774218749994 0.8138888888888889 0.4074634453125 0.8138888888888889 0.3971990734375 0.8332510277777778 0.3960995375 0.8611111111111112
0 0.6627199078125 0.37222222222222223 0.676875 0.394074075 0.6940393515625 0.3880658444444444 0.7078125 0.35194856944444447 0.7078125 0.351149375 0.700034721875 0.3267901222222222 0.6855138875 0.3194444444444444 0.6732398140625 0.3194444444444444 0.665671296875 0.33047325 0.6627199078125 0.37222222222222223
0 0.29368055625 0.8194444444444444 0.2859259265625 0.8050411527777778 0.26875 0.8011316861111111 0.25773148125 0.8198559666666666 0.2515625 0.8463763555555556 0.2515625 0.8481264083333334 0.2575 0.8754115222222222 0.265706684375 0.8777777777777778 0.27139320625 0.8777777777777778 0.29351851875 0.8583333333333333 0.29368055625 0.8194444444444444
0 0.33125 0.28046875555555556 0.33125 0.2893145138888889 0.3376736109375 0.31666666666666665 0.35 0.325 0.36423611093749997 0.31666666666666665 0.3708333328125 0.3 0.3714699078125 0.26944444444444443 0.3578125 0.25 0.3390625 0.25 0.3342013890625 0.25833333333333336 0.33125 0.28046875555555556
0 0.6654861109375 0.15491769444444445 0.6624768515625 0.12697530833333334 0.653125 0.120925925 0.62648148125 0.13897119444444445 0.625 0.17230838055555556 0.625 0.17851990833333334 0.6293865734375 0.19191358055555555 0.64668036875 0.19722222222222222 0.652266115625 0.19722222222222222 0.659097221875 0.18792181111111111 0.6654861109375 0.15491769444444445
0 0.5546875 0.4166666666666667 0.5625 0.44135802500000004 0.575 0.4491975305555555 0.590625 0.44024691388888887 0.5953125 0.39561728333333335 0.5890625 0.3764197527777778 0.5710937625 0.375 0.5654205609375 0.375 0.55625 0.3943827166666667 0.5546875 0.4166666666666667
0 0.5917824078125 0.13709876666666668 0.5874421296875 0.12030864166666666 0.571875 0.11711934166666665 0.5546875 0.14355437777777777 0.5546875 0.17727682777777776 0.5625 0.19191358055555555 0.5759200265625 0.19444444444444445 0.5802482296875 0.19444444444444445 0.5892361109375 0.1842798361111111 0.5917824078125 0.13709876666666668
0 0.43570601875000003 0.15 0.41875 0.12222222222222222 0.4077893515625 0.125 0.3984375 0.15467414444444444 0.3984375 0.162762775 0.39944444375 0.18888888888888888 0.40872685156250005 0.2 0.4259143515625 0.2 0.4354050921875 0.18611111111111112 0.43570601875000003 0.15
0 0.265625 0.3888888888888889 0.2486458328125 0.40555555555555556 0.24736111093750002 0.42777777777777776 0.2601736109375 0.4527777777777778 0.27899305625 0.4583333333333333 0.2882291671875 0.44722222222222224 0.2921875 0.41913082222222225 0.2921875 0.415712925 0.28444444375 0.39444444444444443 0.265625 0.3888888888888889
0 0.3296875 0.8112757194444444 0.319027778125 0.8333539083333333 0.31788194375 0.8666666666666667 0.3242677140625 0.8805555555555555 0.344840434375 0.8805555555555555 0.35625 0.8626086222222222 0.35625 0.8225526777777777 0.350034721875 0.8143209888888888 0.3296875 0.8112757194444444
0 0.55625 0.5989300416666666 0.5672453703125 0.6160082305555556 0.5876736109375 0.6093827166666667 0.5959490734374999 0.5867489722222222 0.5890046296875 0.5454938277777778 0.5765590109375001 0.5444444444444444 0.568327315625 0.5444444444444444 0.55625 0.5632578583333333 0.55625 0.5989300416666666
0 0.7063425921875 0.16666666666666666 0.7080671296875 0.20555555555555555 0.7299884265625 0.21666666666666667 0.7393055562499999 0.20277777777777778 0.7484375 0.1586132111111111 0.7484375 0.1582059111111111 0.7421875 0.14444444444444443 0.7328125 0.14444444444444443 0.714097221875 0.1527777777777778 0.7063425921875 0.16666666666666666
0 0.19375 0.13358024722222223 0.189409721875 0.16111111111111112 0.1991666671875 0.19216049444444444 0.2195604546875 0.2 0.22529712656249998 0.2 0.23125 0.18949728611111114 0.23125 0.15202821944444445 0.215659721875 0.1375102888888889 0.19375 0.13358024722222223
0 0.43444444375 0.4067283944444445 0.42194444375 0.40623456666666663 0.41875 0.39777777777777773 0.4063888890625 0.41395061666666666 0.4051041671875 0.44722222222222224 0.41149305625 0.4641358027777778 0.42826412343750003 0.4722222222222222 0.43146667812499995 0.4722222222222222 0.4427199078125 0.46259259166666666 0.4453125 0.43510553888888887 0.4453125 0.4318236277777778 0.4361226859375 0.4206790111111111 0.43444444375 0.4067283944444445
0 0.5453125 0.9826316833333334 0.5453125 0.9971679611111111 0.58993055625 0.9938477361111111 0.585659721875 0.9605761305555556 0.57518875625 0.9388888888888889 0.5577033609375001 0.9388888888888889 0.5466666671875 0.9555349805555555 0.5453125 0.9826316833333334
0 0.3546875 0.9398765444444444 0.3328125 0.9337448555555555 0.31875 0.9611522638888889 0.3171875 0.9972222222222222 0.359375 0.9927777777777778 0.3546875 0.9398765444444444
0 0.18341435156250002 0.85 0.1929745375 0.8611111111111112 0.21944444375 0.8555555555555555 0.2265625 0.8370728138888889 0.2265625 0.8318529611111111 0.225 0.8138888888888889 0.190625 0.8138888888888889 0.184652778125 0.8305555555555556 0.18341435156250002 0.85