0 0.7453125 0.7638888888888888 0.7625 0.7416666666666667 0.7625 0.7111111111111111 0.725 0.6555555555555556 0.703125 0.6555555555555556 0.6953125 0.6694444444444444 0.6890625 0.6861111111111111 0.6890625 0.7277777777777777 0.69375 0.7416666666666667 0.7453125 0.7638888888888888
0 0.7890625 0.5833333333333334 0.784375 0.5472222222222223 0.7578125 0.5305555555555556 0.75 0.5166666666666667 0.7265625 0.5194444444444445 0.7125 0.55 0.7125 0.5833333333333334 0.728125 0.6083333333333333 0.7765625 0.6055555555555555 0.7890625 0.5833333333333334
0 0.45 0.5916666666666667 0.4515625 0.5333333333333333 0.415625 0.5194444444444445 0.39375 0.5527777777777778 0.3921875 0.5888888888888889 0.40625 0.6194444444444445 0.4296875 0.6222222222222222 0.45 0.5916666666666667
0 0.6015625 0.7555555555555555 0.60625 0.7333333333333333 0.59375 0.7027777777777777 0.590625 0.6722222222222223 0.5796875 0.6722222222222223 0.5765625 0.6583333333333333 0.546875 0.6722222222222223 0.5453125 0.7111111111111111 0.5515625 0.7388888888888889 0.584375 0.7694444444444445 0.6015625 0.7555555555555555
0 0.3625 0.7138888888888889 0.3609375 0.6777777777777778 0.3546875 0.6611111111111111 0.340625 0.6527777777777778 0.33125 0.6527777777777778 0.315625 0.675 0.315625 0.725 0.334375 0.7638888888888888 0.340625 0.7638888888888888 0.3625 0.7138888888888889
0 0.6796875 0.6 0.678125 0.5722222222222222 0.6484375 0.5361111111111111 0.628125 0.5472222222222223 0.621875 0.5694444444444444 0.625 0.6055555555555555 0.6375 0.6222222222222222 0.665625 0.625 0.6796875 0.6
0 0.290625 0.5861111111111111 0.2953125 0.575 0.29375 0.5222222222222223 0.2796875 0.5083333333333333 0.253125 0.5166666666666667 0.2453125 0.5472222222222223 0.253125 0.5972222222222222 0.265625 0.6055555555555555 0.290625 0.5861111111111111
0 0.5140625 0.6138888888888889 0.521875 0.5777777777777777 0.5125 0.5388888888888889 0.49375 0.5305555555555556 0.4765625 0.55 0.471875 0.5861111111111111 0.4796875 0.6111111111111112 0.5 0.625 0.5140625 0.6138888888888889
0 0.2296875 0.9805555555555555 0.23125 0.9444444444444444 0.221875 0.925 0.203125 0.9194444444444444 0.1921875 0.9333333333333333 0.178125 0.9722222222222222 0.178125 0.9972222222222222 0.2171875 0.9972222222222222 0.2296875 0.9805555555555555
0 0.6546875 0.08055555555555556 0.671875 0 0.6359375 0.002777777777777778 0.61875 0.03611111111111111 0.6203125 0.06388888888888888 0.634375 0.08333333333333333 0.6546875 0.08055555555555556
0 0.33125 0 0.3375 0.06666666666666667 0.35625 0.07777777777777778 0.3734375 0.06111111111111111 0.371875 0.011111111111111112 0.3640625 0 0.33125 0
0 0.434375 0.8277777777777777 0.421875 0.8138888888888889 0.4078125 0.8138888888888889 0.396875 0.8333333333333334 0.3953125 0.8611111111111112 0.4078125 0.8944444444444445 0.4359375 0.8861111111111111 0.434375 0.8277777777777777
0 0.29375 0.8555555555555555 0.2953125 0.8222222222222222 0.2859375 0.8027777777777778 0.26875 0.8 0.2578125 0.8194444444444444 0.2515625 0.8583333333333333 0.2609375 0.8777777777777778 0.2796875 0.8722222222222222 0.29375 0.8555555555555555
0 0.6609375 0.18333333333333332 0.665625 0.15 0.6609375 0.125 0.640625 0.125 0.6265625 0.14166666666666666 0.625 0.175 0.63125 0.19166666666666668 0.6515625 0.19722222222222222 0.6609375 0.18333333333333332
0 0.2875 0.44722222222222224 0.2921875 0.4166666666666667 0.2828125 0.39166666666666666 0.2703125 0.3861111111111111 0.2484375 0.40555555555555556 0.2484375 0.43333333333333335 0.259375 0.4527777777777778 0.2796875 0.4583333333333333 0.2875 0.44722222222222224
0 0.35625 0.8611111111111112 0.35625 0.8111111111111111 0.365625 0.8 0.3578125 0.8 0.3546875 0.8138888888888889 0.3296875 0.8111111111111111 0.31875 0.8388888888888889 0.31875 0.8722222222222222 0.328125 0.8833333333333333 0.3421875 0.8805555555555555 0.35625 0.8611111111111112
0 0.225 0.20833333333333334 0.23125 0.18888888888888888 0.228125 0.15833333333333333 0.2 0.14166666666666666 0.1875 0.15555555555555556 0.1859375 0.16666666666666666 0.2 0.20833333333333334 0.2125 0.21666666666666667 0.225 0.20833333333333334
0 0.5921875 0.6055555555555555 0.596875 0.5861111111111111 0.590625 0.55 0.56875 0.5444444444444444 0.55625 0.5666666666666667 0.55625 0.5972222222222222 0.565625 0.6138888888888889 0.5828125 0.6166666666666667 0.5921875 0.6055555555555555
0 0.4359375 0.18333333333333332 0.4359375 0.15 0.41875 0.12222222222222222 0.4078125 0.125 0.3984375 0.15555555555555556 0.4 0.18611111111111112 0.409375 0.2 0.4265625 0.2 0.4359375 0.18333333333333332
0 0.70625 0.3527777777777778 0.7 0.3277777777777778 0.684375 0.32222222222222224 0.6734375 0.325 0.6640625 0.34444444444444444 0.6640625 0.37777777777777777 0.6765625 0.39444444444444443 0.6953125 0.3861111111111111 0.70625 0.3527777777777778
0 0.5921875 0.4361111111111111 0.590625 0.37777777777777777 0.5625 0.375 0.55625 0.39444444444444443 0.55625 0.42777777777777776 0.565625 0.4444444444444444 0.5828125 0.44722222222222224 0.5921875 0.4361111111111111
0 0.2265625 0.8194444444444444 0.21875 0.7972222222222223 0.20625 0.7888888888888889 0.1921875 0.8055555555555556 0.1828125 0.8333333333333334 0.184375 0.8555555555555555 0.21875 0.8555555555555555 0.2265625 0.8361111111111111 0.2265625 0.8194444444444444
0 0.7484375 0.16666666666666666 0.740625 0.14444444444444443 0.7078125 0.16111111111111112 0.7046875 0.19166666666666668 0.7203125 0.21666666666666667 0.7328125 0.21388888888888888 0.7484375 0.16666666666666666
0 0.35 0.9972222222222222 0.3578125 0.9972222222222222 0.359375 0.9861111111111112 0.3484375 0.9777777777777777 0.35 0.9666666666666667 0.3578125 0.9694444444444444 0.35625 0.9611111111111111 0.353125 0.9666666666666667 0.3453125 0.9583333333333334 0.3453125 0.9416666666666667 0.3296875 0.9361111111111111 0.3265625 0.9444444444444444 0.31875 0.9972222222222222 0.3421875 0.9972222222222222 0.3453125 0.9833333333333333 0.35 0.9972222222222222