0 0.4421875 0 0.4392824078125 0.05277777777777778 0.447222221875 0.08333333333333333 0.48163194374999996 0.09166666666666666 0.4940509265625 0.07222222222222222 0.5001620375 0.03888888888888889 0.484375 0 0.4421875 0
0 0.7484375 0 0.7251504625 0.03611111111111111 0.726909721875 0.08333333333333333 0.7488425921874999 0.09722222222222222 0.764409721875 0.08333333333333333 0.7813888890625 0.03333333333333333 0.779733796875 0.011111111111111112 0.775 0 0.7484375 0
0 0.2328125 0 0.225046296875 0.011111111111111112 0.2267708328125 0.05 0.2472453703125 0.08888888888888889 0.26289351875 0.09444444444444444 0.27999999999999997 0.075 0.27820601875 0.019444444444444445 0.26256944375 0.016666666666666666 0.25 0 0.2328125 0
0 0.5125 0 0.507858796875 0.011111111111111112 0.5048379625 0.03611111111111111 0.5174768515625 0.06944444444444445 0.544097221875 0.08333333333333333 0.559652778125 0.06666666666666667 0.5609375 0 0.5125 0
0 0.6421875 0 0.642303240625 0.027777777777777776 0.6565624999999999 0.075 0.669108796875 0.08611111111111111 0.686284721875 0.08333333333333333 0.6862152781249999 0.06666666666666667 0.7017245375 0.03888888888888889 0.695428240625 0.027777777777777776 0.6953125 0 0.6421875 0
0 0.4046875 0 0.3734490734375 0.002777777777777778 0.3673611109375 0.041666666666666664 0.38630787031249997 0.08888888888888889 0.40505787031249996 0.08888888888888889 0.4190625 0.075 0.4188773140625 0.030555555555555555 0.4046875 0
0 0.7319560187499999 0.9194444444444444 0.724259259375 0.9472222222222222 0.7307060187500001 0.9944444444444445 0.7775925921875 0.9972222222222222 0.7806828703125 0.9888888888888889 0.7600578703124999 0.9138888888888889 0.7475347218749999 0.9083333333333333 0.7319560187499999 0.9194444444444444
0 0.46635416718749995 0.925 0.44923611093750004 0.9416666666666667 0.44461805625000006 0.9583333333333334 0.4479050921875 0.9972222222222222 0.49789351875000004 0.9944444444444445 0.5007870375000001 0.9388888888888889 0.48509259218749995 0.9222222222222223 0.46635416718749995 0.925
0 0.29375 0 0.2987268515625 0.06944444444444445 0.31444444374999997 0.09166666666666666 0.3362731484375 0.08055555555555556 0.34243055624999996 0.058333333333333334 0.3423148140625 0.030555555555555555 0.31875 0 0.29375 0
0 0.6 0 0.5876388890625 0.03333333333333333 0.5925 0.075 0.6050578703125 0.08888888888888889 0.620659721875 0.08333333333333333 0.6330208328125 0.05 0.6328125 0 0.6 0
0 0.702233796875 0.16111111111111112 0.7020601859375 0.11944444444444445 0.664571759375 0.12222222222222222 0.6630671296874999 0.1361111111111111 0.6521527781249999 0.14166666666666666 0.656990740625 0.17777777777777778 0.6711574078125 0.20277777777777778 0.6867824078125 0.20277777777777778 0.702233796875 0.16111111111111112
0 0.32554398125 0.13055555555555556 0.30991898125 0.13055555555555556 0.29281250000000003 0.15 0.29133101875 0.16944444444444445 0.3055208328125 0.2 0.32430555625 0.20833333333333334 0.3382870375 0.18888888888888888 0.3412268515625 0.14444444444444443 0.32554398125 0.13055555555555556
0 0.6393402781249999 0.8166666666666667 0.6252199078125 0.8027777777777778 0.598715278125 0.8166666666666667 0.5973148140625 0.8555555555555555 0.6036226859375 0.8694444444444445 0.6193171296875 0.8861111111111111 0.6348842593749999 0.8722222222222222 0.6410648140624999 0.8555555555555555 0.6393402781249999 0.8166666666666667
0 0.5612152781249999 0.8166666666666667 0.53616898125 0.8055555555555556 0.5253356484375 0.8305555555555556 0.5238773140624999 0.8555555555555555 0.5333796296875 0.8861111111111111 0.5506018515625 0.8944444444444445 0.55993055625 0.8833333333333333 0.5645138890625 0.8583333333333333 0.5612152781249999 0.8166666666666667
0 0.6010300921875 0.9972222222222222 0.6416550921875 0.9972222222222222 0.6414120375000001 0.9388888888888889 0.6101041671874999 0.925 0.5992361109375001 0.9416666666666667 0.6010300921875 0.9972222222222222
0 0.5442824078124999 0.12777777777777777 0.53179398125 0.13055555555555556 0.517847221875 0.15833333333333333 0.5179976859375001 0.19444444444444445 0.5290046296875001 0.2111111111111111 0.5446296296875001 0.2111111111111111 0.5601388890625 0.18333333333333332 0.558472221875 0.15833333333333333 0.5442824078124999 0.12777777777777777
0 0.240821759375 0.7972222222222223 0.22533564843749998 0.8305555555555556 0.2238888890625 0.8583333333333333 0.23487268593750002 0.8694444444444445 0.26606481406250004 0.8555555555555555 0.27373842656249997 0.8222222222222222 0.262696759375 0.7972222222222223 0.240821759375 0.7972222222222223
0 0.3104050921875 0.9972222222222222 0.35414351875 0.9944444444444445 0.3507638890625 0.9333333333333333 0.336678240625 0.9277777777777778 0.3117361109375 0.9416666666666667 0.3104050921875 0.9972222222222222
0 0.399097221875 0.15833333333333333 0.391215278125 0.14166666666666666 0.36773148125 0.13055555555555556 0.358402778125 0.14166666666666666 0.3617476859375 0.19444444444444445 0.37431712968749997 0.2111111111111111 0.38836805625 0.20833333333333334 0.40076388906249993 0.18333333333333332 0.399097221875 0.15833333333333333
0 0.4459143515625 0.14444444444444443 0.44611111093750005 0.19166666666666668 0.45554398125000006 0.20555555555555555 0.48361111093750003 0.19166666666666668 0.48180555625 0.13333333333333333 0.4583333328125 0.125 0.4459143515625 0.14444444444444443
0 0.2725578703125 0.1638888888888889 0.24902777812500002 0.14166666666666666 0.23498842656250002 0.14722222222222223 0.2304050921875 0.17222222222222222 0.23991898125 0.20555555555555555 0.2524768515625 0.21944444444444444 0.264965278125 0.21666666666666667 0.274259259375 0.19722222222222222 0.2725578703125 0.1638888888888889
0 0.2632291671875 0.925 0.2507523140625 0.9305555555555556 0.2353240734375 0.9777777777777777 0.2354050921875 0.9972222222222222 0.2775925921875 0.9972222222222222 0.28225694375 0.9916666666666667 0.28211805624999997 0.9583333333333334 0.27116898125 0.9555555555555556 0.2632291671875 0.925
0 0.687696759375 0.7972222222222223 0.6737384265624999 0.8222222222222222 0.6722453703125 0.8388888888888889 0.6817361109375 0.8666666666666667 0.7145486109375 0.8666666666666667 0.7176041671875 0.85 0.703321759375 0.7972222222222223 0.687696759375 0.7972222222222223
0 0.5958680562499999 0.13333333333333333 0.5960879625 0.18611111111111112 0.6227083328125 0.2 0.636597221875 0.15833333333333333 0.63024305625 0.13333333333333333 0.622384259375 0.12222222222222222 0.5958680562499999 0.13333333333333333
0 0.3784143515625 0.8194444444444444 0.38179398125 0.8805555555555555 0.3927546296875 0.8861111111111111 0.41454861093749995 0.8666666666666667 0.414328703125 0.8138888888888889 0.39086805625 0.8083333333333333 0.3784143515625 0.8194444444444444
0 0.45027777812499997 0.8166666666666667 0.44881944375 0.8416666666666667 0.45832175937499997 0.8722222222222222 0.4848726859375 0.8694444444444445 0.4845833328125 0.8 0.465821759375 0.7972222222222223 0.45027777812499997 0.8166666666666667
0 0.7473958328125 0.125 0.7380208328125 0.125 0.7287384265625 0.14722222222222223 0.72726851875 0.16944444444444445 0.7351967593750001 0.19722222222222222 0.7477199078125001 0.20277777777777778 0.7648495375000001 0.18888888888888888 0.7646759265624999 0.14722222222222223 0.7473958328125 0.125
0 0.3096875 0.825 0.3066898140625 0.8555555555555555 0.313009259375 0.8722222222222222 0.3442129625 0.8611111111111112 0.3439699078125 0.8027777777777778 0.31584490781249996 0.8027777777777778 0.3096875 0.825
0 0.5166550921875 0.9972222222222222 0.5650925921875001 0.9972222222222222 0.563472221875 0.9833333333333333 0.5320254624999999 0.9361111111111111 0.5149074078125 0.9527777777777777 0.5166550921875 0.9972222222222222
0 0.3791550921875 0.9972222222222222 0.4088425921875 0.9972222222222222 0.40703703750000003 0.9388888888888889 0.3882870375 0.9388888888888889 0.37898148125 0.9555555555555556 0.3791550921875 0.9972222222222222
0 0.6882870375000001 0.9388888888888889 0.6679861109375 0.9416666666666667 0.6665509265625 0.9722222222222222 0.6760300921875 0.9972222222222222 0.7057175921875001 0.9972222222222222 0.7056712968750001 0.9861111111111112 0.6899652781250001 0.9666666666666667 0.6882870375000001 0.9388888888888889
0 0.7628356484375 0.8305555555555556 0.7518287031249999 0.8138888888888889 0.742453703125 0.8138888888888889 0.7473148140625 0.8555555555555555 0.7708101859375 0.8694444444444445 0.7817013890625 0.8583333333333333 0.7816203703125 0.8388888888888889 0.7737499999999999 0.825 0.7628356484375 0.8305555555555556