0 0.225 0.2487890388888889 0.22612268593749998 0.27220164722222223 0.2584490734375 0.33010288055555553 0.285034721875 0.3269753083333333 0.2978125 0.2934773666666667 0.295034721875 0.2518518527777778 0.2842361109375 0.23532921944444446 0.26550925937500003 0.23279835277777777 0.24882315625 0.21944444444444444 0.237416871875 0.21944444444444444 0.225 0.2440319111111111 0.225 0.2487890388888889
0 0.23125 0.7194444444444444 0.23125 0.7472222222222222 0.240625 0.7748765444444444 0.28125 0.7382304527777778 0.284375 0.7104115222222221 0.2796875 0.6826954722222223 0.26293022499999996 0.6666666666666666 0.2603448265625 0.6666666666666666 0.24375 0.6776131694444445 0.23125 0.7194444444444444
0 0.27265625 0.5098559666666667 0.2563078703125 0.5117695472222222 0.24461805625 0.55 0.24664351875 0.5723045277777777 0.2580496 0.6055555555555555 0.25984598124999997 0.6055555555555555 0.2876736109375 0.5938888888888889 0.2953125 0.5802041805555556 0.2953125 0.5325397194444444 0.28125 0.5103086416666667 0.27265625 0.5098559666666667
0 0.357071759375 0.2283744861111111 0.325 0.18349794166666666 0.3234375 0.18347736666666667 0.31369212968750004 0.20557613055555557 0.3125 0.2313296472222222 0.3125 0.26183893333333336 0.3202083328125 0.28345678888888887 0.3396441125 0.29444444444444445 0.340619678125 0.29444444444444445 0.35633101875 0.27281893055555556 0.357071759375 0.2283744861111111
0 0.6359375 0 0.6359375 0.010658436111111112 0.6203125 0.027736624999999997 0.61875 0.058333333333333334 0.6265625 0.07757201666666667 0.6546875 0.07960905277777777 0.6715781375 0 0.6359375 0
0 0.3296875 0 0.33218749999999997 0.04995884722222223 0.344375 0.07479423888888889 0.36 0.07458847777777779 0.37274305625 0.054979425 0.3732291671875 0.016090536111111112 0.36431332968749996 0 0.3296875 0
0 0.215625 0.9949382722222222 0.21875 0.9838683138888888 0.228125 0.9812139916666667 0.23125 0.9534773666666666 0.2171875 0.922736625 0.209375 0.9226337444444445 0.2015625 0.9225308638888888 0.2015625 0.9308641972222222 0.1921875 0.9362962972222222 0.1921875 0.9529629638888889 0.178125 0.975 0.1796860546875 0.9972222222222222 0.20318688125 0.9972222222222222 0.2046875 0.9892386833333333 0.215625 0.9949382722222222
0 0.6609375 0.3638888888888889 0.66875 0.38580246944444446 0.6796875 0.3937037027777777 0.6921875 0.38765432222222224 0.7078125 0.35092592499999997 0.7015625 0.3261728388888889 0.68645413125 0.3194444444444444 0.6729910703125 0.3194444444444444 0.665625 0.32759259166666665 0.6609375 0.3638888888888889
0 0.18125 0.8295396444444445 0.18125 0.8337249305555556 0.18379629687500001 0.8555144027777778 0.1962268515625 0.8636831277777778 0.2229050921875 0.8494444444444444 0.22479166718750002 0.8105349805555556 0.2156018515625 0.788436213888889 0.2062268515625 0.7885596694444444 0.20485981562500002 0.7861111111111111 0.204410434375 0.7861111111111111 0.192071759375 0.7998559666666667 0.18125 0.8295396444444445
0 0.246875 0.410877675 0.246875 0.4281864777777778 0.255983796875 0.44962963055555555 0.2793865734375 0.45703703611111113 0.28881944375 0.44277777777777777 0.2920486109375 0.41765432222222226 0.2827893515625 0.3902469138888889 0.2718634265625 0.3879012333333333 0.27084122499999996 0.3861111111111111 0.2689590609375 0.3861111111111111 0.253078703125 0.39697530833333333 0.246875 0.410877675
0 0.5546875 0.4349566694444445 0.5616666671874999 0.45534979444444446 0.5709375 0.4634362138888889 0.5898263890625 0.451831275 0.5948611109375 0.42393004166666665 0.5920486109375 0.39901234444444444 0.5773963656250001 0.3888888888888889 0.5639677562500001 0.3888888888888889 0.5546875 0.4130744722222222 0.5546875 0.4349566694444445
0 0.2502083328125 0.8472222222222222 0.251840278125 0.8637860083333333 0.258125 0.8717078194444444 0.283090278125 0.8617283944444444 0.2921875 0.8420913861111111 0.2921875 0.8381208055555557 0.29069444375 0.8112139916666666 0.27959415625 0.7972222222222223 0.26643149843749997 0.7972222222222223 0.259421296875 0.80771605 0.2502083328125 0.8472222222222222
0 0.625277778125 0.14722222222222223 0.625659721875 0.17777777777777778 0.6336805562500001 0.19423868333333336 0.6509027781250001 0.1965637861111111 0.66163194375 0.1796090527777778 0.665625 0.1425312 0.665625 0.1400643861111111 0.659729321875 0.125 0.6484452125 0.125 0.637534721875 0.12744855833333332 0.625277778125 0.14722222222222223
0 0.73125 0.14584362222222222 0.7126736109375 0.1531893 0.705266203125 0.17222222222222222 0.7074074078125 0.20008230555555556 0.717071759375 0.21446501944444446 0.725117825 0.21666666666666667 0.7304421828125001 0.21666666666666667 0.7402199078125 0.2018107 0.746875 0.1793688333333333 0.746875 0.15736919444444444 0.740625 0.14633744722222222 0.73125 0.14584362222222222
0 0.3984375 0.18200605555555557 0.406875 0.19962963055555558 0.425625 0.19888888888888887 0.43524305625000004 0.179074075 0.435590278125 0.15129629722222224 0.4207986109375 0.125 0.40616805625 0.125 0.3984375 0.15411697222222223 0.3984375 0.18200605555555557
0 0.1859375 0.1672928638888889 0.19638888906250002 0.20263374444444446 0.21502314843749998 0.21627571944444443 0.22766203749999997 0.19944444444444442 0.23101851875 0.1716255138888889 0.22490740781250002 0.15504115277777777 0.2020071640625 0.14444444444444443 0.192163753125 0.14444444444444443 0.1859375 0.16602480833333333 0.1859375 0.1672928638888889
0 0.2657523140625 0.9972222222222222 0.296875 0.9959926861111111 0.296875 0.99511325 0.293784721875 0.9738888888888889 0.27427140156249996 0.9666666666666667 0.2702113515625 0.9666666666666667 0.265659721875 0.975 0.2657523140625 0.9972222222222222