0 0.2859375 0.3277777777777778 0.2984375 0.29444444444444445 0.2953125 0.25277777777777777 0.284375 0.2361111111111111 0.265625 0.23333333333333334 0.2484375 0.21944444444444444 0.2375 0.21944444444444444 0.225 0.24444444444444444 0.2265625 0.2722222222222222 0.259375 0.33055555555555555 0.2859375 0.3277777777777778
0 0.240625 0.775 0.28125 0.7388888888888889 0.284375 0.7111111111111111 0.2796875 0.6833333333333333 0.2625 0.6666666666666666 0.2609375 0.6666666666666666 0.24375 0.6777777777777778 0.23125 0.7194444444444444 0.23125 0.7472222222222222 0.240625 0.775
0 0.25625 0.6055555555555555 0.2859375 0.5916666666666667 0.2953125 0.575 0.2953125 0.5305555555555556 0.28125 0.5083333333333333 0.27265625 0.5083333333333333 0.25625 0.5111111111111111 0.24375 0.55 0.2453125 0.5722222222222222 0.25625 0.6055555555555555
0 0.3421875 0.29444444444444445 0.3578125 0.2722222222222222 0.3578125 0.22777777777777777 0.325 0.18333333333333332 0.3234375 0.18333333333333332 0.3140625 0.20555555555555555 0.3125 0.25833333333333336 0.321875 0.2833333333333333 0.3421875 0.29444444444444445
0 0.6359375 0 0.6359375 0.011111111111111112 0.6203125 0.027777777777777776 0.61875 0.058333333333333334 0.6265625 0.07777777777777778 0.6546875 0.08055555555555556 0.671875 0 0.662890625 0 0.6359375 0
0 0.3296875 0 0.3328125 0.05 0.3453125 0.075 0.3609375 0.075 0.3734375 0.05555555555555555 0.3734375 0.016666666666666666 0.3640625 0 0.35546875 0 0.3296875 0
0 0.1921875 0.9527777777777777 0.178125 0.975 0.1796875 0.9972222222222222 0.203125 0.9972222222222222 0.2046875 0.9888888888888889 0.215625 0.9944444444444445 0.21875 0.9833333333333333 0.228125 0.9805555555555555 0.23125 0.9527777777777777 0.2171875 0.9222222222222223 0.209375 0.9222222222222223 0.2015625 0.9222222222222223 0.2015625 0.9305555555555556 0.1921875 0.9361111111111111 0.1921875 0.9527777777777777
0 0.6796875 0.39444444444444443 0.6921875 0.3888888888888889 0.7078125 0.3527777777777778 0.7015625 0.3277777777777778 0.684375 0.3194444444444444 0.6734375 0.3194444444444444 0.665625 0.3277777777777778 0.6609375 0.3638888888888889 0.66875 0.3861111111111111 0.6796875 0.39444444444444443
0 0.196875 0.8638888888888889 0.2234375 0.85 0.225 0.8111111111111111 0.215625 0.7888888888888889 0.20625 0.7888888888888889 0.2046875 0.7861111111111111 0.1921875 0.8 0.18125 0.8305555555555556 0.184375 0.8555555555555555 0.196875 0.8638888888888889
0 0.25625 0.45 0.2796875 0.4583333333333333 0.2890625 0.4444444444444444 0.2921875 0.41944444444444445 0.2828125 0.39166666666666666 0.271875 0.3888888888888889 0.2703125 0.3861111111111111 0.253125 0.3972222222222222 0.246875 0.4111111111111111 0.246875 0.42777777777777776 0.25625 0.45
0 0.571875 0.4638888888888889 0.590625 0.4527777777777778 0.5953125 0.425 0.5921875 0.4 0.5765625 0.3888888888888889 0.5640625 0.3888888888888889 0.5546875 0.41388888888888886 0.5546875 0.43333333333333335 0.5625 0.45555555555555555 0.571875 0.4638888888888889
0 0.2578125 0.8722222222222222 0.2828125 0.8638888888888889 0.2921875 0.8444444444444444 0.290625 0.8138888888888889 0.278125 0.7972222222222223 0.2671875 0.7972222222222223 0.259375 0.8083333333333333 0.25 0.8472222222222222 0.2515625 0.8638888888888889 0.2578125 0.8722222222222222
0 0.6328125 0.19444444444444445 0.65 0.19722222222222222 0.6609375 0.18055555555555555 0.665625 0.14166666666666666 0.659375 0.125 0.6515625 0.125 0.6375 0.12777777777777777 0.625 0.14722222222222223 0.625 0.17777777777777778 0.6328125 0.19444444444444445
0 0.715625 0.21388888888888888 0.728125 0.21666666666666667 0.7390625 0.2 0.746875 0.175 0.746875 0.15555555555555556 0.740625 0.14444444444444443 0.73125 0.14444444444444443 0.7125 0.1527777777777778 0.7046875 0.17222222222222222 0.70625 0.2 0.715625 0.21388888888888888
0 0.4265625 0.2 0.4359375 0.18055555555555555 0.4359375 0.1527777777777778 0.4203125 0.125 0.40625 0.125 0.3984375 0.15555555555555556 0.3984375 0.18055555555555555 0.4078125 0.2 0.4265625 0.2
0 0.228125 0.2 0.23125 0.17222222222222222 0.225 0.15555555555555556 0.2015625 0.14444444444444443 0.1921875 0.14444444444444443 0.1859375 0.16666666666666666 0.196875 0.20277777777777778 0.215625 0.21666666666666667 0.228125 0.2
0 0.29375 0.975 0.2734375 0.9666666666666667 0.2703125 0.9666666666666667 0.265625 0.975 0.265625 0.9972222222222222 0.296875 0.9972222222222222 0.29375 0.975