0 0.7731134265625 0.6620781888888889 0.76210648125 0.6455555555555555 0.74493055625 0.6485596694444444 0.7387268515625001 0.6597530861111112 0.7404861109375 0.7069547333333334 0.7530208328125 0.7151234555555555 0.7748611109375 0.7065020583333333 0.7778703703125001 0.6786831277777778 0.7731134265625 0.6620781888888889
0 0.2407986109375 0.7885390944444445 0.22835648125 0.8025925916666666 0.22700231406250002 0.8526131694444444 0.2551273140625 0.8522427972222223 0.26444444375 0.8382304527777779 0.26429398125 0.8021193416666667 0.25486111093749997 0.7883539083333334 0.2407986109375 0.7885390944444445
0 0.3186363609375 0 0.300034721875 0.004382716666666666 0.3003125 0.07104938333333333 0.31284722187499997 0.07921810833333334 0.3346990734375 0.07337448611111111 0.34241898125 0.05104938333333333 0.342303240625 0.023271605555555554 0.3260599890625 0 0.3186363609375 0
0 0.5934391531250001 0 0.58600694375 0.008950616666666666 0.586203703125 0.05617283888888888 0.6034606484375 0.07261316944444444 0.6221990734375 0.06958847777777778 0.62991898125 0.047263374999999996 0.6297220515624999 0 0.5934391531250001 0
0 0.54898148125 0.12333333333333332 0.5317824078125 0.12078189166666667 0.5193402781249999 0.13483539166666667 0.5179861109375 0.18485596666666665 0.5242824078125 0.19588477499999998 0.5430439812500001 0.19841563888888888 0.5554861109375 0.18436213888888886 0.555277778125 0.1343621388888889 0.54898148125 0.12333333333333332
0 0.41434027812499996 0.8112551444444445 0.40335648125 0.8002880666666666 0.38461805625 0.8033127583333333 0.378402778125 0.8117283944444444 0.37862268593750004 0.8645061722222221 0.3849074078125 0.8727572027777778 0.4005324078125 0.8725514416666666 0.4129861109375 0.8612757194444445 0.41434027812499996 0.8112551444444445
0 0.70804398125 0.7962757194444445 0.67679398125 0.7966872416666667 0.675428240625 0.8439300416666667 0.6911111109375 0.8576131694444444 0.7098611109374999 0.8573662555555556 0.7145023140625 0.8461934166666667 0.7143865734375 0.8184156388888889 0.70804398125 0.7962757194444445
0 0.4437051203125 0 0.43916666718749997 0.019218108333333334 0.44406249999999997 0.06915637777777778 0.46913194375 0.08549382777777778 0.49246527812499996 0.060185186111111115 0.487534721875 0.0019135805555555556 0.48571024218750003 0 0.4437051203125 0
0 0.48355324062499994 0.9214609055555556 0.45231481406249996 0.9246502055555555 0.44611111093750005 0.9358436222222223 0.44631944375000004 0.9858436222222222 0.4963078703125 0.9824074083333334 0.49771990781250003 0.9462757194444446 0.49296296249999993 0.9296707805555556 0.48355324062499994 0.9214609055555556
0 0.3990740734375 0.1475308638888889 0.38335648125 0.12551440277777776 0.36460648125 0.12576131666666665 0.356840278125 0.13697530833333332 0.3570370375 0.18419753055555554 0.3695949078125 0.19792181111111112 0.3883449078125 0.19767489722222223 0.3992013890625 0.17808641944444442 0.3990740734375 0.1475308638888889
0 0.6085648140625 0.9225925916666666 0.5976736109375 0.933847736111111 0.5978703703125 0.9810699583333333 0.64008101875 0.9860699583333333 0.6398726859375 0.9360699583333333 0.6320023140625 0.92228395 0.6085648140625 0.9225925916666666
0 0.55225694375 0.9094444444444444 0.5225694437499999 0.9098353916666667 0.5226388890625 0.9265020583333334 0.5164236109375 0.9349176944444445 0.51820601875 0.9876748972222222 0.5713078703125001 0.9814197527777777 0.5711342593750001 0.9397530861111111 0.55225694375 0.9094444444444444
0 0.7350694437499999 0.9070370361111112 0.7288541671875 0.915452675 0.7259490734375 0.9682716055555556 0.73538194375 0.9820370361111112 0.77756944375 0.9814814805555555 0.7774537031250001 0.9537037027777777 0.7585069437499999 0.9067283944444444 0.7350694437499999 0.9070370361111112
0 0.553391203125 0.8066460916666666 0.528402778125 0.8097530861111112 0.5270486109375 0.859773663888889 0.541203703125 0.8818107 0.5521412031249999 0.8816666666666666 0.5645023140625 0.848168725 0.5643981484375 0.8231687249999999 0.553391203125 0.8066460916666666
0 0.338240740625 0.17333333333333334 0.33653935156250003 0.140020575 0.3239699078125 0.12351851944444445 0.29743055625000003 0.12942386944444445 0.29444444375 0.1627983527777778 0.305428240625 0.17376543333333333 0.3070601859375 0.1904115222222222 0.31491898125 0.20141975277777777 0.3305324078125 0.1984362138888889 0.338240740625 0.17333333333333334
0 0.3163888890625 0.9292181083333334 0.3101736109375 0.9376337444444445 0.31038194375 0.9876337444444445 0.35255787031249997 0.9843004111111111 0.352384259375 0.9426337444444444 0.3445138890625 0.928847736111111 0.3163888890625 0.9292181083333334
0 0.725274984375 0 0.72976851875 0.009835391666666667 0.7235648140625 0.021028805555555554 0.723703703125 0.05436213888888889 0.7378819437499999 0.08195473333333333 0.7535069437499999 0.08174897222222222 0.7674768515625 0.05934156388888889 0.768680496875 0 0.754648284375 0 0.7531828703125 0.003971194444444445 0.749396584375 0 0.743763934375 0 0.7422453703125 0.004115225 0.738321759375 0 0.732117375 0 0.7297453703125 0.004279836111111111 0.7264854656249999 0 0.725274984375 0
0 0.27412037031250003 0.16028806666666667 0.26625 0.14650205833333332 0.236527778125 0.13855966944444445 0.23185185156250002 0.14139917777777777 0.231990740625 0.1747325111111111 0.24460648125 0.20234567777777776 0.26027777812499997 0.21325102777777777 0.2742708328125 0.1963991777777778 0.27412037031250003 0.16028806666666667
0 0.241446759375 0.94409465 0.23851851875 0.991358025 0.27600694375 0.9880864194444445 0.289965278125 0.9629012333333334 0.2897106484375 0.9017901222222223 0.260034721875 0.9049588472222223 0.241446759375 0.94409465
0 0.31736111093749997 0.7875308638888889 0.30960648125 0.8015226333333334 0.30827546250000004 0.8570987666666667 0.3129861109375 0.8625925916666668 0.3395370375 0.8594650194444444 0.35194444375 0.8370781888888889 0.3470486109375 0.7871399166666666 0.31736111093749997 0.7875308638888889
0 0.46928240781249997 0.12160493888888889 0.4505324078125 0.12185185277777778 0.44766203750000005 0.18300411388888888 0.45709490781250006 0.1967695472222222 0.47271990781250006 0.1965637861111111 0.48509259218749995 0.16584362222222224 0.48027777812499994 0.13534979444444445 0.46928240781249997 0.12160493888888889
0 0.55585648125 0.27325102777777777 0.5495486109375001 0.2594444444444445 0.5198611109375 0.25983539166666664 0.52006944375 0.3098353916666667 0.5279050921875 0.31528806666666664 0.5279398140625 0.3236214 0.5513773140625 0.32331275833333334 0.55585648125 0.27325102777777777
0 0.6755208328125 0.11611111111111111 0.66305555625 0.12460905277777778 0.6617129625 0.17740740833333332 0.6695601859375 0.1856378611111111 0.6914236109375 0.18257201666666667 0.69913194375 0.15746913611111113 0.6989814812499999 0.12135802500000001 0.6755208328125 0.11611111111111111
0 0.39289351875 0.9143209888888889 0.3789236109375 0.9367283944444444 0.37914351874999996 0.9895061722222221 0.41975694375000006 0.9861934166666667 0.41947916718749995 0.91952675 0.41631944374999996 0.9112345666666667 0.39289351875 0.9143209888888889
0 0.739652778125 0.13193415555555557 0.7287731484375 0.14596707777777776 0.7289699078125 0.19318929999999998 0.75710648125 0.19559670833333334 0.767928240625 0.16767489722222223 0.7677893515624999 0.1343415638888889 0.739652778125 0.13193415555555557
0 0.24201520625 0 0.226597221875 0.0053497944444444445 0.2251620375 0.035925925 0.25039351875000004 0.09115226388888889 0.26290509218749997 0.09376543333333333 0.2768865734375 0.07413580277777777 0.2814351859375 0.04074074166666667 0.27510416718749997 0.0213786 0.2547210078125 0 0.24201520625 0
0 0.5133302171875 0 0.5095486109375 0.03495884722222222 0.517465278125 0.05985596666666667 0.537847221875 0.07625514444444444 0.559652778125 0.059300411111111104 0.5657638890625 0.025884775000000002 0.5632262046875 0 0.5133302171875 0
0 0.37209073125000003 0 0.3687731484375 0.0006995888888888889 0.36899305625 0.053477366666666665 0.3768865734375 0.07281893055555556 0.3988078703125 0.08364197500000001 0.41278935156249996 0.06401234444444444 0.4157870375 0.033415638888888884 0.403159721875 0.0030246916666666667 0.40085584531249996 0 0.37209073125000003 0
0 0.4482545796875 0 0.44706018593749997 0.038559669444444444 0.455034721875 0.07734567777777777 0.4769328703125 0.08261316944444444 0.4847106484375 0.07417695555555555 0.4938888890625 0.026831275 0.48493438749999995 0 0.4482545796875 0
0 0.6834837968749999 0.9021604944444445 0.6664120375 0.9301646083333334 0.664953703125 0.9551851861111111 0.672858796875 0.9773045277777778 0.7119675921875 0.9879012333333334 0.7086111109375001 0.9323868305555556 0.7007060187499999 0.910267488888889 0.6834837968749999 0.9021604944444445
0 0.6088425921875 0.9892592583333333 0.6103125 0.9670164611111111 0.6024421296875 0.9532304527777777 0.599375 0.9671604944444444 0.6088425921875 0.9892592583333333
0 0.6252314812499999 0.7973662555555555 0.61116898125 0.7975514416666667 0.59875 0.8171604944444444 0.5972800921875 0.8394032916666666 0.6051736109375 0.8587448555555556 0.62241898125 0.8724074083333333 0.6348726859375 0.8611316861111111 0.6362731484374999 0.8222222222222222 0.6252314812499999 0.7973662555555555
0 0.6416550921875 0.9888271611111111 0.641608796875 0.97771605 0.616597221875 0.9752674888888889 0.6135300921875 0.9891975305555556 0.6416550921875 0.9888271611111111
0 0.6575436984375 0 0.65006944375 0.008106997222222221 0.6486111109375 0.03312757222222222 0.6565509265625 0.06358024722222222 0.669097221875 0.07452675 0.68625 0.06596707777777779 0.692837671875 0 0.6575436984375 0
0 0.475671296875 0.5298765444444444 0.45376157343749995 0.521831275 0.44443287031249995 0.5330658444444445 0.43984953750000005 0.5581275722222222 0.44778935156250005 0.5885802472222222 0.465 0.5939094638888889 0.47899305625000005 0.5770576138888889 0.4820138890625 0.552016461111111 0.475671296875 0.5298765444444444