0 0.7625 0.7416666666666667 0.7625 0.7111111111111111 0.7234375 0.6555555555555556 0.7015625 0.6583333333333333 0.6890625 0.6888888888888889 0.6890625 0.725 0.703125 0.7472222222222222 0.7484375 0.7638888888888888 0.7625 0.7416666666666667
0 0.7890625 0.5833333333333334 0.784375 0.5472222222222223 0.7578125 0.5305555555555556 0.75 0.5166666666666667 0.73125 0.5166666666666667 0.7125 0.55 0.7125 0.5833333333333334 0.728125 0.6083333333333333 0.7765625 0.6055555555555555 0.7890625 0.5833333333333334
0 0.5921875 0.7694444444444445 0.6046875 0.75 0.60625 0.725 0.59375 0.6916666666666667 0.590625 0.6583333333333333 0.5609375 0.6583333333333333 0.546875 0.6777777777777778 0.54375 0.7138888888888889 0.5484375 0.7388888888888889 0.5796875 0.7694444444444445 0.5921875 0.7694444444444445
0 0.45 0.5916666666666667 0.45 0.5472222222222223 0.4328125 0.5194444444444445 0.409375 0.5222222222222223 0.39375 0.5527777777777778 0.3921875 0.5888888888888889 0.40625 0.6194444444444445 0.434375 0.6194444444444445 0.45 0.5916666666666667
0 0.678125 0.6083333333333333 0.678125 0.5722222222222222 0.6546875 0.5388888888888889 0.640625 0.5361111111111111 0.625 0.5555555555555556 0.621875 0.5916666666666667 0.63125 0.6166666666666667 0.665625 0.625 0.678125 0.6083333333333333
0 0.2953125 0.575 0.2921875 0.5194444444444445 0.2796875 0.5083333333333333 0.253125 0.5166666666666667 0.2453125 0.5666666666666667 0.2578125 0.6055555555555555 0.278125 0.5972222222222222 0.2953125 0.575
0 0.5125 0.6166666666666667 0.521875 0.5861111111111111 0.5203125 0.5583333333333333 0.5125 0.5388888888888889 0.4921875 0.5305555555555556 0.4765625 0.55 0.471875 0.5833333333333334 0.4796875 0.6111111111111112 0.5 0.625 0.5125 0.6166666666666667
0 0.3796875 0.41388888888888886 0.3734375 0.37777777777777777 0.3484375 0.3527777777777778 0.340625 0.3611111111111111 0.33125 0.39444444444444443 0.33125 0.4222222222222222 0.3453125 0.4527777777777778 0.36875 0.44722222222222224 0.3796875 0.41388888888888886
0 0.5203125 0.43333333333333335 0.521875 0.4 0.5125 0.37222222222222223 0.4859375 0.36944444444444446 0.471875 0.3972222222222222 0.471875 0.42777777777777776 0.4875 0.4527777777777778 0.5015625 0.45555555555555555 0.5203125 0.43333333333333335
0 0.6796875 0.37222222222222223 0.678125 0.35 0.66875 0.33611111111111114 0.6421875 0.3333333333333333 0.6265625 0.3611111111111111 0.6265625 0.39444444444444443 0.6453125 0.4166666666666667 0.6625 0.4111111111111111 0.6796875 0.37222222222222223
0 0.2171875 0.9972222222222222 0.2296875 0.9805555555555555 0.23125 0.9444444444444444 0.221875 0.925 0.203125 0.9194444444444444 0.1921875 0.9333333333333333 0.190625 0.95 0.178125 0.9722222222222222 0.1796875 0.9972222222222222 0.2171875 0.9972222222222222
0 0.33125 0 0.334375 0.05277777777777778 0.34375 0.075 0.365625 0.075 0.3734375 0.06111111111111111 0.3734375 0.016666666666666666 0.3640625 0 0.33125 0
0 0.653125 0.9444444444444444 0.640625 0.9388888888888889 0.6390625 0.9222222222222223 0.63125 0.9305555555555556 0.625 0.9222222222222223 0.6109375 0.9416666666666667 0.609375 0.975 0.61875 0.9972222222222222 0.653125 0.9972222222222222 0.653125 0.9444444444444444
0 0.5140625 0.2 0.5203125 0.18611111111111112 0.521875 0.15833333333333333 0.5125 0.12777777777777777 0.496875 0.125 0.484375 0.14166666666666666 0.4796875 0.16111111111111112 0.484375 0.19444444444444445 0.496875 0.20555555555555555 0.5140625 0.2
0 0.434375 0.8722222222222222 0.4359375 0.8305555555555556 0.4296875 0.8194444444444444 0.4078125 0.8138888888888889 0.396875 0.8333333333333334 0.3953125 0.8611111111111112 0.40625 0.8916666666666667 0.4203125 0.8944444444444445 0.434375 0.8722222222222222
0 0.7390625 0.9972222222222222 0.7390625 0.9777777777777777 0.73125 0.9583333333333334 0.715625 0.95 0.7109375 0.9194444444444444 0.6890625 0.9333333333333333 0.6890625 0.9722222222222222 0.696875 0.9861111111111112 0.7078125 0.9972222222222222 0.7390625 0.9972222222222222
0 0.29375 0.8555555555555555 0.2953125 0.8222222222222222 0.2859375 0.8027777777777778 0.26875 0.8 0.2578125 0.8194444444444444 0.2515625 0.8472222222222222 0.2578125 0.875 0.2703125 0.8777777777777778 0.29375 0.8555555555555555
0 0.734375 0.3472222222222222 0.7515625 0.3138888888888889 0.746875 0.2833333333333333 0.71875 0.28055555555555556 0.7109375 0.28888888888888886 0.70625 0.3 0.7078125 0.33055555555555555 0.7203125 0.35 0.734375 0.3472222222222222
0 0.596875 0.5888888888888889 0.596875 0.5666666666666667 0.5828125 0.5416666666666666 0.5671875 0.5444444444444444 0.55625 0.5638888888888889 0.55625 0.5944444444444444 0.56875 0.6166666666666667 0.5890625 0.6111111111111112 0.596875 0.5888888888888889
0 0.290625 0.4388888888888889 0.2921875 0.4111111111111111 0.278125 0.3888888888888889 0.2640625 0.3888888888888889 0.2484375 0.40555555555555556 0.2484375 0.43333333333333335 0.265625 0.4583333333333333 0.2796875 0.4583333333333333 0.290625 0.4388888888888889
0 0.4359375 0.18611111111111112 0.4359375 0.14722222222222223 0.41875 0.12222222222222222 0.4078125 0.125 0.3984375 0.15555555555555556 0.3984375 0.18055555555555555 0.409375 0.2 0.4265625 0.2 0.4359375 0.18611111111111112
0 0.590625 0.18055555555555555 0.590625 0.125 0.584375 0.11666666666666667 0.571875 0.11666666666666667 0.5546875 0.14444444444444443 0.5546875 0.175 0.5640625 0.19166666666666668 0.5796875 0.19444444444444445 0.590625 0.18055555555555555
0 0.371875 0.30277777777777776 0.371875 0.26944444444444443 0.3578125 0.25 0.3390625 0.25 0.334375 0.25833333333333336 0.334375 0.3055555555555556 0.3453125 0.32222222222222224 0.365625 0.31666666666666665 0.371875 0.30277777777777776
0 0.665625 0.1527777777777778 0.6609375 0.125 0.6359375 0.12777777777777777 0.6265625 0.14166666666666666 0.6265625 0.18888888888888888 0.6515625 0.19722222222222222 0.6609375 0.18333333333333332 0.665625 0.1527777777777778
0 0.2265625 0.18055555555555555 0.23125 0.14166666666666666 0.2234375 0.12777777777777777 0.2015625 0.11944444444444445 0.1890625 0.125 0.1875 0.14722222222222223 0.2015625 0.18611111111111112 0.215625 0.19166666666666668 0.2265625 0.18055555555555555
0 0.35625 0.8638888888888889 0.35625 0.8333333333333334 0.3484375 0.8166666666666667 0.33125 0.8111111111111111 0.3203125 0.825 0.315625 0.8361111111111111 0.3203125 0.8777777777777778 0.3359375 0.8833333333333333 0.35625 0.8638888888888889
0 0.2234375 0.85 0.2265625 0.8166666666666667 0.215625 0.7944444444444444 0.203125 0.7916666666666666 0.1890625 0.8138888888888889 0.1828125 0.8333333333333334 0.1859375 0.8555555555555555 0.2015625 0.8611111111111112 0.2234375 0.85
0 0.7484375 0.17222222222222222 0.7421875 0.14444444444444443 0.7078125 0.16111111111111112 0.7046875 0.19444444444444445 0.7203125 0.21666666666666667 0.7328125 0.21388888888888888 0.7484375 0.17222222222222222
0 0.44375 0.4583333333333333 0.4453125 0.4305555555555556 0.4359375 0.41944444444444445 0.434375 0.40555555555555556 0.40625 0.41388888888888886 0.4046875 0.4444444444444444 0.4109375 0.4638888888888889 0.4296875 0.4722222222222222 0.44375 0.4583333333333333
0 0.5953125 0.4111111111111111 0.590625 0.39166666666666666 0.5640625 0.38055555555555554 0.55625 0.39444444444444443 0.5546875 0.41944444444444445 0.5625 0.44166666666666665 0.590625 0.44166666666666665 0.5953125 0.4111111111111111
0 0.34968750000000004 0.9972222222222222 0.3578125 0.9972222222222222 0.35625 0.9611111111111111 0.34375 0.9611111111111111 0.3421875 0.95 0.353125 0.9416666666666667 0.3484375 0.9361111111111111 0.3328125 0.9333333333333333 0.3203125 0.9583333333333334 0.3171875 0.9972222222222222 0.3415625 0.9972222222222222 0.346875 0.9833333333333333 0.34968750000000004 0.9972222222222222
0 0.578125 0.9972222222222222 0.5875 0.9944444444444445 0.578125 0.9777777777777777 0.5765625 0.9527777777777777 0.5625 0.9527777777777777 0.559375 0.9388888888888889 0.546875 0.9583333333333334 0.546875 0.9972222222222222 0.5703125 0.9972222222222222 0.5765625 0.9805555555555555 0.578125 0.9972222222222222