0 0.759375 0.6355555555555555 0.7421875 0.6387860083333333 0.7375 0.6472427972222222 0.7375 0.6972427972222223 0.75 0.7052469138888889 0.771875 0.6963374472222222 0.7734375 0.6601851861111111 0.759375 0.6355555555555555
0 0.2359375 0.785452675 0.225 0.7996296305555556 0.2234375 0.8496707805555556 0.2515625 0.8489300416666667 0.2609375 0.8347942388888889 0.2609375 0.7986831277777778 0.2515625 0.7850411527777779 0.2359375 0.785452675
0 0.3 0 0.3 0.06709876666666667 0.3140625 0.08061728333333333 0.334375 0.06897119444444445 0.3421875 0.04654321111111111 0.3421875 0.018765433333333335 0.3290483546875 0 0.3 0
0 0.4109375 0.8058436222222222 0.4 0.795020575 0.38125 0.7982921805555555 0.375 0.8067901222222221 0.375 0.8595678999999999 0.38125 0.8677366249999999 0.396875 0.8673251027777777 0.409375 0.8558847749999999 0.4109375 0.8058436222222222
0 0.5484375 0.11611111111111111 0.53125 0.11378600833333334 0.51875 0.12800411388888888 0.5171875 0.1752674888888889 0.5234375 0.18899176944444443 0.5421875 0.19127571944444444 0.5546875 0.17705761388888888 0.5546875 0.1270576138888889 0.5484375 0.11611111111111111
0 0.586789771875 0 0.5859375 0.0012345666666666666 0.5859375 0.04567901111111111 0.6 0.06475308611111111 0.621875 0.06139917777777778 0.6296875 0.04174897222222222 0.628568434375 0 0.586789771875 0
0 0.7046875 0.786995886111111 0.6734375 0.7878189305555556 0.671875 0.8350823055555556 0.6875 0.8485596694444444 0.70625 0.8480658444444444 0.7109375 0.836831275 0.7109375 0.811831275 0.7046875 0.786995886111111
0 0.444051803125 0 0.4421875 0.005020575 0.44375 0.06331275833333333 0.4625 0.07948559722222222 0.4859375 0.06775720277777778 0.49375 0.04255144166666667 0.488098490625 0 0.444051803125 0
0 0.4796875 0.9151440333333333 0.45 0.9187037027777778 0.4421875 0.930020575 0.4421875 0.9800205750000001 0.4921875 0.975925925 0.49375 0.9397736638888888 0.4890625 0.9232304527777777 0.4796875 0.9151440333333333
0 0.3328125 0.13290123333333334 0.3203125 0.11934156388888889 0.2984375 0.12269547222222221 0.296875 0.1588477361111111 0.3125 0.19732510277777776 0.3234375 0.19703703611111112 0.3359375 0.18004115277777777 0.3375 0.14388888888888887 0.3328125 0.13290123333333334
0 0.3984375 0.14228395 0.3828125 0.12047325 0.3625 0.12100823055555557 0.35625 0.13228395 0.35625 0.17395061666666667 0.36875 0.19306584444444444 0.3890625 0.1897530861111111 0.3984375 0.17283950555555555 0.3984375 0.14228395
0 0.6 0.9175308638888888 0.59375 0.9260288055555554 0.59375 0.9732510277777777 0.6359375 0.9776954722222222 0.6359375 0.93047325 0.628125 0.9140123444444445 0.6 0.9175308638888888
0 0.73125 0.8974074083333333 0.725 0.9059053499999999 0.721875 0.9587654333333333 0.73125 0.9724074083333333 0.7734375 0.9712962972222223 0.7734375 0.9435185194444445 0.7546875 0.8967901222222222 0.73125 0.8974074083333333
0 0.55 0.7994032916666667 0.525 0.8028395055555555 0.5234375 0.8528806583333334 0.5375 0.8747325111111112 0.5484375 0.8744444444444445 0.5609375 0.8407818916666667 0.5609375 0.8157818916666667 0.55 0.7994032916666667
0 0.546875 0.8994855972222222 0.51875 0.9030041138888889 0.51875 0.9196707805555555 0.5125 0.928168725 0.5140625 0.98090535 0.5671875 0.9739506166666667 0.5671875 0.9378395055555556 0.546875 0.8994855972222222
0 0.7286229390625001 0 0.725 0.008683127777777778 0.725 0.05034979444444444 0.7296875 0.06133744722222222 0.7375 0.07224279722222222 0.753125 0.071831275 0.7640625 0.05487654444444444 0.7703125 0.029711933333333333 0.7703125 0 0.7286229390625001 0
0 0.484375 0.14279835277777778 0.478125 0.12629629722222221 0.4671875 0.11269547222222222 0.44375 0.12164609166666665 0.44375 0.1772016472222222 0.45625 0.19076131666666668 0.471875 0.19034979444444444 0.4796875 0.17903292222222222 0.484375 0.16779835277777777 0.484375 0.14279835277777778
0 0.2734375 0.15668724166666667 0.265625 0.1430041138888889 0.2359375 0.135452675 0.23125 0.13835390833333333 0.23125 0.17168724166666666 0.24375 0.20191358055555556 0.259375 0.20983539166666665 0.2734375 0.1927983527777778 0.2734375 0.15668724166666667
0 0.3125 0.9251028805555556 0.30625 0.9336008222222222 0.30625 0.9863786 0.3484375 0.9797119333333334 0.3484375 0.9380452666666668 0.340625 0.924362138888889 0.3125 0.9251028805555556
0 0.3421875 0.7854321000000001 0.3140625 0.7861728388888889 0.30625 0.8002674888888889 0.3046875 0.8530864194444444 0.309375 0.8585185194444445 0.3359375 0.8578189305555556 0.3484375 0.8352674888888889 0.3484375 0.8074897111111111 0.3421875 0.7854321000000001
0 0.546875 0.24948559722222222 0.5234375 0.2501028805555556 0.51875 0.2530041138888889 0.51875 0.30300411388888887 0.5296875 0.3166049388888889 0.55 0.31606995833333335 0.5546875 0.263168725 0.546875 0.24948559722222222
0 0.2609375 0.8986831277777778 0.25 0.9100823055555556 0.2375 0.9409670777777778 0.234375 0.9882716055555556 0.271875 0.9845061722222221 0.2859375 0.9591358027777778 0.2859375 0.9091358027777777 0.2828125 0.8981069972222222 0.2609375 0.8986831277777778
0 0.6625 0.115884775 0.6625 0.17144033055555555 0.690625 0.17347736666666666 0.6984375 0.14827160555555555 0.6984375 0.11216049444444444 0.675 0.10722222222222223 0.6625 0.115884775
0 0.3890625 0.9091975305555555 0.375 0.9317901222222221 0.375 0.9845678999999999 0.415625 0.9807201638888888 0.415625 0.9140534972222222 0.4109375 0.9030658444444444 0.3890625 0.9091975305555555
0 0.7375 0.125020575 0.7296875 0.13355966944444445 0.7296875 0.18355966944444443 0.75625 0.1828600833333333 0.7671875 0.15757201666666668 0.7671875 0.12146090555555555 0.7375 0.125020575
0 0.2955209796875 0 0.296875 0.05051440277777778 0.30625 0.07526748888888889 0.3234375 0.08037036944444445 0.3390625 0.05773662499999999 0.3421875 0.02432098888888889 0.3235791875 0 0.2955209796875 0
0 0.228011534375 0 0.2265625 0.04125514444444444 0.2375 0.049300411111111116 0.25 0.08786008333333332 0.2640625 0.08748971111111112 0.278125 0.06767489722222222 0.278125 0.02323045277777778 0.257457140625 0 0.228011534375 0
0 0.5125 0 0.5125 0.03650205833333334 0.525 0.061172838888888886 0.54375 0.06623456666666666 0.5609375 0.046337447222222224 0.5609375 0 0.5125 0
0 0.3684253625 0 0.3671875 0.026440330555555554 0.375 0.06790123333333334 0.3859375 0.08150205833333334 0.4046875 0.075452675 0.4140625 0.041872427777777776 0.4046875 0.000452675 0.4043632078125 0 0.3684253625 0
0 0.603125 0 0.603125 0.034115225 0.6234375 0.047469136111111115 0.6280692859375 0 0.603125 0
0 0.6984375 0.7816049388888888 0.6828125 0.7820164611111112 0.671875 0.8017489722222223 0.671875 0.8323045277777779 0.6796875 0.8459876555555557 0.7015625 0.8537448555555555 0.7109375 0.8423868305555555 0.7125 0.8229012333333333 0.6984375 0.7816049388888888
0 0.6734375 0.8933744861111111 0.6609375 0.9242592583333333 0.659375 0.9409670777777778 0.66875 0.9684979416666667 0.7078125 0.9785802472222221 0.70625 0.9258436222222222 0.6984375 0.9010493833333333 0.6734375 0.8933744861111111
0 0.6234375 0.7891358027777777 0.6109375 0.7866872416666666 0.5953125 0.806543211111111 0.59375 0.8343621388888889 0.6 0.8508641972222222 0.615625 0.8643415638888888 0.63125 0.8555967083333333 0.6328125 0.8083333333333333 0.6234375 0.7891358027777777
0 0.596875 0.9342798361111111 0.6 0.9814197527777777 0.6390625 0.9803909472222222 0.6359375 0.9360288055555556 0.6265625 0.916831275 0.6125 0.9144238694444444 0.596875 0.9342798361111111
0 0.4430207484375 0 0.440625 0.038395061111111115 0.446875 0.06323045277777778 0.465625 0.07940329166666667 0.48125 0.0734362138888889 0.4953125 0.03695473333333333 0.4890625 0.0010082305555555555 0.4886033546875 0 0.4430207484375 0
0 0.475 0.5263786 0.465625 0.5155144027777777 0.4421875 0.5272427972222222 0.4375 0.5523662555555556 0.44375 0.579979425 0.453125 0.5880658444444444 0.471875 0.5820164611111112 0.4796875 0.5568107 0.475 0.5263786