0 0.7734375 0.6879629638888889 0.7609375 0.6655761305555555 0.74375 0.6681275722222222 0.7375 0.6763786 0.7375 0.7263785999999999 0.75 0.7348765444444445 0.7703125 0.7268107 0.7765625 0.7157818916666667 0.7734375 0.6879629638888889
0 0.225 0.8112962972222222 0.2234375 0.8584979416666667 0.259375 0.8534156388888888 0.2609375 0.8089917694444444 0.2515625 0.794979425 0.2359375 0.7947736638888888 0.225 0.8112962972222222
0 0.634375 0.8305761305555556 0.628125 0.8138271611111111 0.6046875 0.8107407416666667 0.59375 0.8244855972222223 0.59375 0.8633744861111111 0.6140625 0.8858641972222222 0.628125 0.8860493833333334 0.634375 0.8722427972222222 0.634375 0.8305761305555556
0 0.3 0.012283949999999998 0.3015625 0.08174897222222222 0.321875 0.08757201666666667 0.340625 0.07115226388888889 0.340625 0.023930041666666665 0.3234375 0.007037036111111111 0.3 0.012283949999999998
0 0.6296875 0.011069958333333333 0.59375 0.013374486111111111 0.5859375 0.024382716666666665 0.5859375 0.07160493888888889 0.603125 0.08849794166666668 0.621875 0.08596707777777778 0.6296875 0.07218106944444445 0.6296875 0.011069958333333333
0 0.5546875 0.14897119444444445 0.54375 0.13493827222222224 0.525 0.14024691388888888 0.51875 0.1484979416666667 0.51875 0.20127571944444445 0.53125 0.21255144166666667 0.5484375 0.21 0.5546875 0.19897119444444447 0.5546875 0.14897119444444445
0 0.7046875 0.8148353916666666 0.6796875 0.8089506166666667 0.6734375 0.8172016472222222 0.675 0.8644444444444445 0.6875 0.8757201638888888 0.70625 0.8759670777777777 0.7109375 0.8676954722222222 0.7109375 0.831584361111111 0.7046875 0.8148353916666666
0 0.4109375 0.822078188888889 0.4 0.8108230444444444 0.38125 0.8133539083333333 0.375 0.8243827166666667 0.375 0.8743827166666667 0.38125 0.8827983527777779 0.3984375 0.8830246916666666 0.409375 0.8720576138888889 0.4109375 0.822078188888889
0 0.44375 0.011399177777777776 0.44375 0.08084362222222222 0.471875 0.09788065833333334 0.4921875 0.07314814722222222 0.49375 0.03705761388888889 0.4859375 0.011954733333333332 0.44375 0.011399177777777776
0 0.3828125 0.13559670833333334 0.3625 0.13532921944444445 0.3609375 0.193641975 0.36875 0.20763374444444443 0.390625 0.2079218111111111 0.3984375 0.19413580277777778 0.3984375 0.1552469138888889 0.3828125 0.13559670833333334
0 0.4484375 0.9364609055555555 0.4421875 0.9474897111111111 0.4421875 0.9974897111111111 0.4921875 0.9953703694444443 0.49375 0.959279836111111 0.4859375 0.9369547333333332 0.4484375 0.9364609055555555
0 0.52734375 1 0.5671875 0.996358025 0.5671875 0.9546913583333334 0.546875 0.9210905361111111 0.5203125 0.9235185194444444 0.5171875 0.9456995888888888 0.5125 0.9484156388888888 0.5140265734375 1 0.52734375 1
0 0.6374113015625 1 0.6359375 0.9528189305555556 0.628125 0.9388271611111111 0.6046875 0.9385185194444444 0.596875 0.94952675 0.596875 0.9967489722222223 0.618559965625 1 0.6374113015625 1
0 0.55 0.8211316861111112 0.525 0.8263580249999999 0.5234375 0.8735596694444444 0.5375 0.8959670777777778 0.5484375 0.8961111111111112 0.5609375 0.865720163888889 0.5609375 0.8379423861111112 0.55 0.8211316861111112
0 0.340625 0.16004115277777778 0.3296875 0.13489711944444446 0.296875 0.1372427972222222 0.29375 0.17053498055555555 0.3046875 0.18179012222222224 0.3140625 0.20969135833333333 0.328125 0.20709876666666666 0.3359375 0.1960905361111111 0.340625 0.16004115277777778
0 0.7734375 1 0.7734375 0.9740740750000001 0.7546875 0.926604938888889 0.73125 0.9262962972222222 0.725 0.9345473249999999 0.721875 0.9845061722222221 0.73052619375 1 0.7734375 1
0 0.3125 0.9374485583333333 0.30625 0.9456995888888888 0.30625 0.9956995888888888 0.3484375 0.9934773666666668 0.3484375 0.9518107 0.340625 0.9378189305555557 0.3125 0.9374485583333333
0 0.73125 0.029074074999999998 0.725 0.04010288055555555 0.725 0.07899176944444444 0.7296875 0.09016460833333334 0.7375 0.1013786 0.7546875 0.1016049388888889 0.7671875 0.08510288055555555 0.7703125 0.01569958888888889 0.75625 0.015514402777777778 0.7546875 0.02660493888888889 0.74375 0.015349794444444445 0.725 0.015102880555555556 0.725 0.026213991666666665 0.73125 0.029074074999999998
0 0.3375 0.798888888888889 0.3140625 0.7985802472222221 0.30625 0.8095884777777778 0.30625 0.8706995888888888 0.334375 0.8710699583333334 0.3484375 0.8545884777777778 0.3484375 0.8212551444444445 0.3375 0.798888888888889
0 0.2609375 0.9089917694444444 0.24375 0.9337654333333333 0.234375 0.9614197527777778 0.234375 0.9975308638888889 0.2671875 0.9979629638888888 0.2859375 0.9787654333333333 0.284375 0.9065226333333333 0.2609375 0.9089917694444444
0 0.2703125 0.20633744722222222 0.2734375 0.1674897111111111 0.2546875 0.145020575 0.2359375 0.14477366388888888 0.23125 0.14748971111111112 0.23125 0.18082304444444444 0.240625 0.20316872500000002 0.25 0.21718106944444446 0.2609375 0.21732510277777778 0.2703125 0.20633744722222222
0 0.740625 0.723641975 0.778125 0.721358025 0.778125 0.7046913583333333 0.7609375 0.6711316861111111 0.7390625 0.6819547333333333 0.740625 0.723641975
0 0.3015625 0.07897119444444445 0.321875 0.09312757222222222 0.3359375 0.07942386944444445 0.3421875 0.04061728333333334 0.3171875 0.004176955555555555 0.296875 0.003909463888888889 0.296875 0.06224279722222222 0.3015625 0.07897119444444445
0 0.63125 0.008312758333333333 0.5953125 0.016172838888888888 0.5875 0.04106995833333334 0.5921875 0.07724279722222223 0.6015625 0.09125514444444445 0.6203125 0.08872428055555555 0.63125 0.06386831388888889 0.63125 0.008312758333333333
0 0.6734375 0.8644238694444444 0.696875 0.8813991777777778 0.7125 0.8649382722222222 0.6984375 0.8091975305555555 0.675 0.82 0.6734375 0.8644238694444444
0 0.7055956906249999 1 0.6984375 0.9286419749999999 0.6734375 0.919979425 0.6625 0.9448353916666666 0.6609375 0.9725925916666667 0.671875 0.9977366249999999 0.6807303890624999 1 0.7055956906249999 1
0 0.453125 0.09207818888888888 0.475 0.0979218111111111 0.496875 0.06487654444444445 0.496875 0.039876544444444446 0.484375 0.0063786 0.44375 0.005843622222222222 0.440625 0.061358025000000004 0.453125 0.09207818888888888
0 0.7753740734375001 1 0.7765625 0.9852263361111112 0.7546875 0.9321604944444445 0.734375 0.9291152249999999 0.7203125 0.9594855972222222 0.71875 0.9733539083333332 0.7296875 0.9957201638888888 0.7514040921875 1 0.7753740734375001 1
0 0.253125 0.003333333333333333 0.2265625 0.008539094444444444 0.2265625 0.04742798333333333 0.2515625 0.094979425 0.26875 0.09242798333333332 0.278125 0.075884775 0.278125 0.03421810833333334 0.253125 0.003333333333333333
0 0.5140625 0.015102880555555556 0.5140625 0.059547325 0.5234375 0.08189300277777778 0.54375 0.08771604999999999 0.559375 0.07403292222222223 0.559375 0.007366255555555555 0.5140625 0.015102880555555556
0 0.6484375 0.058539094444444446 0.6578125 0.08366255277777777 0.6703125 0.09216049444444445 0.6859375 0.08403292222222222 0.6953125 0.009156377777777778 0.6625 0.008724280555555556 0.65 0.02800411388888889 0.6484375 0.058539094444444446
0 0.396875 0.005226336111111111 0.3734375 0.01047325 0.3703125 0.04098765555555556 0.3765625 0.08551440277777778 0.4015625 0.09139917777777777 0.4125 0.07209876666666667 0.4125 0.04154321111111111 0.396875 0.005226336111111111
0 0.7359375 0.19580246944444443 0.746875 0.20705761388888888 0.7625 0.1933744861111111 0.7625 0.16559670833333334 0.7359375 0.16802469166666667 0.7359375 0.19580246944444443
0 0.6609375 0.1587037027777778 0.6625 0.1920576138888889 0.6828125 0.20899176944444445 0.69375 0.1924691361111111 0.7 0.14255144166666667 0.6703125 0.14216049444444445 0.6609375 0.1587037027777778
0 0.728125 0.0818107 0.7484375 0.1043004111111111 0.7625 0.09337448611111111 0.778125 0.051913580555555554 0.7796875 0.026934155555555558 0.775 0.01020576111111111 0.75 0.009876544444444444 0.7265625 0.04290123333333334 0.728125 0.0818107
0 0.4796875 0.14798353888888888 0.4671875 0.1311522638888889 0.4515625 0.13094650277777778 0.44375 0.13917695555555556 0.44375 0.18639917777777776 0.45625 0.20878600833333336 0.4734375 0.20901234444444444 0.484375 0.18415637777777777 0.4796875 0.14798353888888888
0 0.546875 0.2710905361111111 0.5203125 0.2707407416666667 0.5203125 0.32351851944444443 0.5265625 0.3374897111111111 0.55 0.33779835277777776 0.5546875 0.2850823055555556 0.546875 0.2710905361111111
0 0.675 0.1338888888888889 0.6625 0.14205761388888888 0.659375 0.18923868333333335 0.671875 0.20329218055555556 0.690625 0.20076131666666666 0.6984375 0.1758641972222222 0.6984375 0.13697530833333332 0.675 0.1338888888888889
0 0.76875 0.1656790111111111 0.7640625 0.15172839444444444 0.7390625 0.15139917777777778 0.728125 0.16514403333333333 0.728125 0.21514403333333335 0.73125 0.22351851944444445 0.753125 0.22380658333333334 0.7671875 0.18788065833333334 0.76875 0.1656790111111111
0 0.4109375 0.9193004111111112 0.3890625 0.9245679 0.375 0.946604938888889 0.375 0.9993827166666667 0.4125 0.9998765444444444 0.4171875 0.9943827166666667 0.415625 0.93047325 0.4109375 0.9193004111111112
0 0.3796875 0.08 0.4046875 0.085884775 0.415625 0.06380658333333333 0.415625 0.04713991666666666 0.4046875 0.024773663888888887 0.39375 0.019074075 0.39375 0.005185186111111111 0.3671875 0.004835391666666667 0.36875 0.03541152222222222 0.3796875 0.08
0 0.46875 0.5367283944444444 0.4515625 0.5337242805555555 0.440625 0.5502469138888889 0.4375 0.5696502055555556 0.4484375 0.6031275722222222 0.4640625 0.606111111111111 0.4765625 0.5896090527777778 0.4796875 0.5618724277777778 0.46875 0.5367283944444444