0 0.7668171296875 0.6611111111111111 0.74493055625 0.6583333333333333 0.7387268515625001 0.6694444444444444 0.7404861109375 0.7166666666666667 0.7701851859375 0.7194444444444444 0.7795023140625 0.7055555555555556 0.7794328703125 0.6888888888888889 0.7668171296875 0.6611111111111111
0 0.2392361109375 0.7916666666666666 0.22835648125 0.8055555555555556 0.22700231406250002 0.8555555555555555 0.2551273140625 0.8555555555555555 0.26444444375 0.8416666666666667 0.26429398125 0.8055555555555556 0.25486111093749997 0.7916666666666666 0.2392361109375 0.7916666666666666
0 0.5442824078124999 0.12777777777777777 0.5317824078125 0.12777777777777777 0.5193402781249999 0.14166666666666666 0.5179861109375 0.19166666666666668 0.5242824078125 0.20277777777777778 0.5430439812500001 0.20555555555555555 0.5554861109375 0.19166666666666668 0.553703703125 0.1388888888888889 0.5442824078124999 0.12777777777777777
0 0.3015740734375 0.002777777777777778 0.3003240734375 0.07777777777777778 0.3346990734375 0.07777777777777778 0.34241898125 0.05555555555555555 0.342303240625 0.027777777777777776 0.3281481484375 0.005555555555555556 0.3015740734375 0.002777777777777778
0 0.70804398125 0.8055555555555556 0.67679398125 0.8055555555555556 0.675428240625 0.8527777777777777 0.6911111109375 0.8666666666666667 0.7098611109374999 0.8666666666666667 0.7145023140625 0.8555555555555555 0.7143981484374999 0.8305555555555556 0.70804398125 0.8055555555555556
0 0.41434027812499996 0.8166666666666667 0.40335648125 0.8055555555555556 0.38461805625 0.8083333333333333 0.378402778125 0.8166666666666667 0.37862268593750004 0.8694444444444445 0.3849074078125 0.8777777777777778 0.4005324078125 0.8777777777777778 0.4129861109375 0.8666666666666667 0.41434027812499996 0.8166666666666667
0 0.4484375 0 0.443784721875 0.008333333333333333 0.44406249999999997 0.075 0.46913194375 0.09166666666666666 0.49246527812499996 0.06666666666666667 0.4939236109375 0.041666666666666664 0.487615740625 0.027777777777777776 0.487534721875 0.008333333333333333 0.4796875 0 0.4484375 0
0 0.628125 0 0.5937731484375 0.005555555555555556 0.58600694375 0.016666666666666666 0.5861921296875 0.06111111111111111 0.6003356484375 0.08055555555555556 0.6175231484375 0.08055555555555556 0.62991898125 0.05555555555555555 0.628125 0
0 0.48355324062499994 0.9277777777777778 0.45231481406249996 0.9305555555555556 0.44611111093750005 0.9416666666666667 0.44631944375000004 0.9916666666666667 0.4963078703125 0.9888888888888889 0.49773148125000005 0.9555555555555556 0.49296296249999993 0.9361111111111111 0.48355324062499994 0.9277777777777778
0 0.333402778125 0.14166666666666666 0.3224074078125 0.12777777777777777 0.3005324078125 0.12777777777777777 0.29756944375 0.16666666666666666 0.308634259375 0.19722222222222222 0.32429398125 0.20555555555555555 0.3367361109375 0.19166666666666668 0.3381481484375 0.15555555555555556 0.333402778125 0.14166666666666666
0 0.7350694437499999 0.9166666666666666 0.7288541671875 0.925 0.7259490734375 0.9777777777777777 0.73538194375 0.9916666666666667 0.77756944375 0.9916666666666667 0.7774537031250001 0.9638888888888889 0.7585069437499999 0.9166666666666666 0.7350694437499999 0.9166666666666666
0 0.6085648140625 0.9305555555555556 0.5976736109375 0.9416666666666667 0.5978703703125 0.9888888888888889 0.64008101875 0.9944444444444445 0.6398726859375 0.9444444444444444 0.6320023140625 0.9305555555555556 0.6085648140625 0.9305555555555556
0 0.553391203125 0.8138888888888889 0.528402778125 0.8166666666666667 0.5270486109375 0.8666666666666667 0.541203703125 0.8888888888888888 0.5521412031249999 0.8888888888888888 0.5645023140625 0.8555555555555555 0.5643981484375 0.8305555555555556 0.553391203125 0.8138888888888889
0 0.5506828703125 0.9138888888888889 0.5225694437499999 0.9166666666666666 0.5226388890625 0.9333333333333333 0.5164236109375 0.9416666666666667 0.51820601875 0.9944444444444445 0.5713078703125001 0.9888888888888889 0.5711342593750001 0.9472222222222222 0.5506828703125 0.9138888888888889
0 0.3959375 0.15 0.38491898125 0.13055555555555556 0.36304398125000004 0.13055555555555556 0.356840278125 0.14166666666666666 0.3570370375 0.18888888888888888 0.3695949078125 0.20277777777777778 0.3883449078125 0.20277777777777778 0.3960995375 0.18888888888888888 0.3959375 0.15
0 0.7703356484375 0.005555555555555556 0.7375231484375 0.005555555555555556 0.725115740625 0.027777777777777776 0.7252893515625 0.06944444444444445 0.7378819437499999 0.09166666666666666 0.7535069437499999 0.09166666666666666 0.767465278125 0.06666666666666667 0.7703356484375 0.005555555555555556
0 0.739652778125 0.14166666666666666 0.7318865734375 0.1527777777777778 0.7305324078125001 0.20277777777777778 0.7571180562500001 0.20833333333333334 0.7679398140625 0.18055555555555555 0.769409721875 0.15833333333333333 0.764652778125 0.14166666666666666 0.739652778125 0.14166666666666666
0 0.31736111093749997 0.7916666666666666 0.30960648125 0.8055555555555556 0.30827546250000004 0.8611111111111112 0.3129861109375 0.8666666666666667 0.3395370375 0.8638888888888889 0.35194444375 0.8416666666666667 0.3470486109375 0.7916666666666666 0.31736111093749997 0.7916666666666666
0 0.25381944375 0.9166666666666666 0.241446759375 0.9472222222222222 0.23851851875 0.9944444444444445 0.2791203703125 0.9888888888888889 0.289965278125 0.9666666666666667 0.2865740734375 0.9027777777777778 0.2709490734375 0.9027777777777778 0.25381944375 0.9166666666666666
0 0.3163888890625 0.9333333333333333 0.3101736109375 0.9416666666666667 0.31038194375 0.9916666666666667 0.35255787031249997 0.9888888888888889 0.3524074078125 0.9527777777777777 0.3445138890625 0.9333333333333333 0.3163888890625 0.9333333333333333
0 0.48027777812499994 0.14166666666666666 0.46928240781249997 0.12777777777777777 0.45209490781249995 0.12777777777777777 0.44741898124999996 0.13055555555555556 0.45079861093750007 0.19166666666666668 0.4570833328125 0.2 0.47738425937500006 0.19722222222222222 0.48196759218749996 0.17222222222222222 0.48027777812499994 0.14166666666666666
0 0.259652778125 0.06666666666666667 0.267534721875 0.08333333333333333 0.2721759265625 0.07222222222222222 0.2704513890625 0.03333333333333333 0.261134259375 0.04722222222222222 0.259652778125 0.06666666666666667
0 0.23125 0 0.2283101859375 0.044444444444444446 0.2455324078125 0.05277777777777778 0.25656249999999997 0.075 0.2626041671875 0.025 0.25 0 0.23125 0
0 0.296875 0 0.298715278125 0.06666666666666667 0.31285879687499996 0.08611111111111111 0.32535879687499997 0.08611111111111111 0.34086805625 0.058333333333333334 0.3407523140625 0.030555555555555555 0.315625 0 0.296875 0
0 0.484375 0 0.4406365734375 0.002777777777777778 0.43930555625 0.058333333333333334 0.451921296875 0.08611111111111111 0.48005787031249997 0.08888888888888889 0.49711805625 0.058333333333333334 0.4985763890625 0.03333333333333333 0.484375 0
0 0.6 0 0.5876273140625 0.030555555555555555 0.5861458328125 0.05 0.5971990734375 0.07777777777777778 0.6190856484375 0.08055555555555556 0.63148148125 0.05555555555555555 0.6328125 0 0.6 0
0 0.5140625 0 0.510972221875 0.008333333333333333 0.509571759375 0.04722222222222222 0.5206134265625 0.07222222222222222 0.544097221875 0.08333333333333333 0.56429398125 0.05555555555555555 0.5673148140625 0.030555555555555555 0.5609375 0 0.5140625 0
0 0.3703125 0 0.3673495375 0.03888888888888889 0.3753356484375 0.08055555555555556 0.38944444375 0.09166666666666666 0.405046296875 0.08611111111111111 0.414328703125 0.06388888888888888 0.412615740625 0.027777777777777776 0.3984375 0 0.3703125 0
0 0.6609375 0 0.65006944375 0.016666666666666666 0.6486689812499999 0.05555555555555555 0.658125 0.075 0.669097221875 0.08333333333333333 0.6862615734374999 0.07777777777777778 0.6953125 0 0.6609375 0
0 0.7515625 0 0.7267013890625 0.03333333333333333 0.7284259265624999 0.07222222222222222 0.74883101875 0.09444444444444444 0.762847221875 0.08333333333333333 0.7798263890625 0.03333333333333333 0.779733796875 0.011111111111111112 0.7765625 0 0.7515625 0
0 0.5214120375 0.2638888888888889 0.5247800921875 0.32222222222222224 0.55131944375 0.31666666666666665 0.55585648125 0.28055555555555556 0.5479745375 0.2638888888888889 0.5214120375 0.2638888888888889
0 0.6989699078125 0.12777777777777777 0.6755208328125 0.125 0.66305555625 0.13333333333333333 0.656840278125 0.14166666666666666 0.6570023140625 0.18055555555555555 0.6695601859375 0.19444444444444445 0.6914236109375 0.19166666666666668 0.69913194375 0.16666666666666666 0.6989699078125 0.12777777777777777
0 0.2742476859375 0.19444444444444445 0.27413194375 0.16666666666666666 0.26782407343750003 0.1527777777777778 0.255277778125 0.14166666666666666 0.236527778125 0.14166666666666666 0.23185185156250002 0.14444444444444443 0.231990740625 0.17777777777777778 0.2367361109375 0.19166666666666668 0.25246527812499997 0.21666666666666667 0.26960648125 0.20555555555555555 0.2742476859375 0.19444444444444445
0 0.40224537031249996 0.9138888888888889 0.3851273140625 0.9305555555555556 0.3789236109375 0.9416666666666667 0.37914351874999996 0.9944444444444445 0.42130787031250005 0.9888888888888889 0.42109953750000007 0.9388888888888889 0.4147453703125 0.9138888888888889 0.40224537031249996 0.9138888888888889
0 0.2296875 0 0.225046296875 0.011111111111111112 0.226759259375 0.04722222222222222 0.23930555625 0.058333333333333334 0.25039351875000004 0.09444444444444444 0.26601851875000004 0.09444444444444444 0.27997685156249996 0.06944444444444445 0.2814236109375 0.041666666666666664 0.27510416718749997 0.025 0.2515625 0 0.2296875 0
0 0.6205324078125 0.8027777777777778 0.601828703125 0.8138888888888889 0.5971759265625 0.8222222222222222 0.6004745375 0.8638888888888889 0.61929398125 0.8805555555555555 0.6333333328124999 0.875 0.6346643515625 0.8194444444444444 0.6205324078125 0.8027777777777778
0 0.47253472187499995 0.5333333333333333 0.4490856484375 0.5305555555555556 0.44289351874999994 0.5444444444444444 0.44146990781250006 0.5777777777777777 0.447777778125 0.5916666666666667 0.468125 0.6 0.47899305625000005 0.5833333333333334 0.4820138890625 0.5583333333333333 0.47253472187499995 0.5333333333333333
0 0.545578703125 0.8138888888888889 0.526921296875 0.8361111111111111 0.5286226859375 0.8694444444444445 0.541203703125 0.8888888888888888 0.553703703125 0.8888888888888888 0.5629861109375 0.8666666666666667 0.5628356484375 0.8305555555555556 0.545578703125 0.8138888888888889
0 0.71698289375 0.9393944444444445 0.69838944375 0.9090916666666667 0.65871226875 0.9318194444444444 0.6560715515625 0.9797972222222222 0.6817113421875 0.9972222222222222 0.7158035296875 0.9972222222222222 0.7157204046875 0.9772722222222222 0.71698289375 0.9393944444444445