0 0.703125 0.6564814805555556 0.6954861109375 0.6698559666666667 0.68944444375 0.6861111111111111 0.6899652781250001 0.7277777777777777 0.6948263890625 0.7419753083333334 0.7391716890625 0.7638888888888888 0.749636178125 0.7638888888888888 0.7625 0.7478445777777777 0.7625 0.7148915083333334 0.725 0.6579218111111111 0.703125 0.6564814805555556
0 0.7578703703125 0.5323456777777777 0.75 0.5181481472222222 0.7265740734375 0.52 0.7126388890625 0.55 0.712777778125 0.5833333333333334 0.7281279281249999 0.6083333333333333 0.76309686875 0.6083333333333333 0.7769328703125 0.6080864194444444 0.7890625 0.5868444833333334 0.7890625 0.584274025 0.7845023140625 0.5500617277777777 0.7578703703125 0.5323456777777777
0 0.393634259375 0.5888888888888889 0.40833333281249995 0.6188888888888889 0.431828703125 0.6207407416666667 0.4515046296875 0.5893827166666666 0.4515625 0.5796502055555556 0.4515625 0.5308880611111111 0.41831510937500005 0.5194444444444445 0.4150515203125 0.5194444444444445 0.39444444375 0.55271605 0.393634259375 0.5888888888888889
0 0.5453125 0.7061494944444444 0.5453125 0.7121039694444445 0.5512268515625001 0.7388065833333334 0.5839120375 0.7689300416666667 0.6011574078125 0.7548148138888889 0.6059375 0.7325308638888889 0.5935648140625001 0.7021399166666668 0.5905671296875 0.6716255138888889 0.5796296296875 0.6717695472222223 0.5766536484375 0.6583333333333333 0.5757052859375 0.6583333333333333 0.5468171296875 0.6722016472222222 0.5453125 0.7061494944444444
0 0.3609375 0.6783744861111111 0.3546875 0.6616255138888889 0.340625 0.6531069972222222 0.33125 0.6529835388888888 0.315625 0.675 0.315625 0.725 0.334256703125 0.7638888888888888 0.34076986875 0.7638888888888888 0.3625 0.7145061722222222 0.3609375 0.6783744861111111
0 0.6484375 0.5368107000000001 0.628171296875 0.5473868305555556 0.6220138890625 0.5694444444444444 0.6252893515625 0.6056378611111111 0.637858796875 0.6226337444444444 0.6567810515625 0.625 0.6666483921874999 0.625 0.6796875 0.6019923527777777 0.6796875 0.5971099833333333 0.6782754625 0.5737037027777778 0.6484375 0.5368107000000001
0 0.2453125 0.5453974 0.2453125 0.5505899472222222 0.2520138890625 0.5970164611111112 0.264409721875 0.6050205750000001 0.289652778125 0.5849176944444444 0.2944791671875 0.5736831277777777 0.2935763890625 0.5209465027777778 0.2806176546875 0.5083333333333333 0.2770147578125 0.5083333333333333 0.2530208328125 0.5164609055555556 0.2453125 0.5453974
0 0.4730324078125 0.5861111111111111 0.481365740625 0.6106995888888889 0.5019675921875 0.6235185194444445 0.5157986109375 0.6116666666666666 0.521875 0.5802332555555556 0.521875 0.5714354166666666 0.5126736109375 0.5367489722222222 0.4967184109375 0.5305555555555556 0.49279973125 0.5305555555555556 0.47696759218749996 0.5497530861111112 0.4730324078125 0.5861111111111111
0 0.2311458328125 0.9444444444444444 0.2218518515625 0.925 0.203125 0.9194444444444444 0.1921296296875 0.9333333333333333 0.178125 0.9716210083333334 0.178125 0.9972222222222222 0.21686342656250002 0.9972222222222222 0.2294328703125 0.9805555555555555 0.2311458328125 0.9444444444444444
0 0.650330296875 0 0.6359143515625 0.0018724277777777776 0.61875 0.035521177777777774 0.61875 0.042372708333333335 0.6197800921875001 0.06380658333333333 0.6336805562500001 0.08251028888888888 0.6540162031250001 0.07866255277777777 0.6712615125 0 0.650330296875 0
0 0.33125 0 0.33888888906250003 0.06650205833333334 0.3578703703125 0.07711934166666666 0.3734375 0.06129424722222222 0.3734375 0.035575675 0.37210648125 0.010041152777777777 0.36469994687499996 0 0.33125 0
0 0.3953125 0.8525252472222222 0.3953125 0.8627394638888889 0.40680555625 0.8944444444444445 0.435034721875 0.8861111111111111 0.4342013890625 0.8277777777777777 0.421875 0.8138888888888889 0.4078125 0.8138888888888889 0.39663194375 0.8333333333333334 0.3953125 0.8525252472222222
0 0.26875 0.800226336111111 0.25813657343749996 0.81952675 0.252534721875 0.8583333333333333 0.26217260468750003 0.8777777777777778 0.2626676859375 0.8777777777777778 0.28089120312500004 0.8725925916666667 0.29467592656249997 0.856111111111111 0.2953125 0.8350513277777777 0.2953125 0.8220511305555556 0.285983796875 0.8032304527777777 0.26875 0.800226336111111
0 0.625 0.175 0.63125 0.19150205833333334 0.6515625 0.19652263333333334 0.6609375 0.18238683055555557 0.665625 0.14893004166666668 0.6611158500000001 0.125 0.6402853265624999 0.125 0.6265625 0.1416255138888889 0.625 0.175
0 0.2703125 0.38755144166666666 0.2485995375 0.40555555555555556 0.24883101875000002 0.43333333333333335 0.25993055625 0.4534979416666666 0.2742120984375 0.4583333333333333 0.2817883625 0.4583333333333333 0.288009259375 0.4497942388888889 0.2921875 0.4212847472222222 0.2921875 0.41886667222222224 0.282858796875 0.3939300416666667 0.2703125 0.38755144166666666
0 0.3549768515625 0.8635802472222223 0.35601851875 0.8135802472222222 0.365625 0.8030864194444445 0.3578125 0.8025720166666667 0.3543981484375 0.8162551444444445 0.32945601875 0.811831275 0.31875 0.8369853361111111 0.31875 0.8741522111111111 0.3259076515625 0.8833333333333333 0.33109567968750003 0.8833333333333333 0.340509259375 0.8820987666666668 0.3549768515625 0.8635802472222223
0 0.1861458328125 0.16666666666666666 0.20055555625000002 0.20759259166666666 0.213125 0.21526748888888889 0.22555555625 0.20627571944444445 0.23125 0.18778020555555558 0.23125 0.1829633833333333 0.2282638890625 0.15611111111111112 0.201378728125 0.14166666666666666 0.1993694 0.14166666666666666 0.187615740625 0.15547325 0.1861458328125 0.16666666666666666
0 0.596875 0.5882510277777778 0.590625 0.5518107 0.56875 0.5451028805555556 0.55625 0.5666666666666667 0.55625 0.5972222222222222 0.565625 0.6143827166666667 0.5762831671875001 0.6166666666666667 0.584047965625 0.6166666666666667 0.5921875 0.6074485583333333 0.596875 0.5882510277777778
0 0.435821759375 0.15197530833333334 0.41875 0.12329218055555556 0.4078009265625 0.1254938277777778 0.3984375 0.15511616388888888 0.3984375 0.1585205111111111 0.399733796875 0.18619341666666667 0.40867770937500003 0.2 0.42710356562499996 0.2 0.4356828703125 0.18530864166666666 0.435821759375 0.15197530833333334
0 0.684375 0.3227572027777778 0.673483796875 0.3252469138888889 0.6644328703125 0.34444444444444444 0.6649884265625 0.37777777777777777 0.677518690625 0.39444444444444443 0.678547775 0.39444444444444443 0.6963773140625 0.3869341555555556 0.70625 0.3555098388888889 0.70625 0.35196659166666666 0.7000925921875 0.3287242805555555 0.684375 0.3227572027777778
0 0.5625 0.37524691388888887 0.55633101875 0.39444444444444443 0.5564699078124999 0.42777777777777776 0.5659143515625 0.4448148138888889 0.577892278125 0.44722222222222224 0.5840248515625001 0.44722222222222224 0.5921875 0.43782403611111115 0.5921875 0.42929566388888885 0.5906365734375 0.37913580277777775 0.5625 0.37524691388888887
0 0.1828125 0.8322576222222223 0.1828125 0.8393035277777778 0.18381944374999998 0.8555349805555555 0.21819444375 0.8550823055555555 0.22616898124999998 0.8355349805555556 0.22630787031250002 0.8188683138888889 0.21868055625 0.7967489722222223 0.2067196671875 0.7888888888888889 0.20598990156250002 0.7888888888888889 0.1920486109375 0.8054321 0.1828125 0.8322576222222223
0 0.7484375 0.1683950611111111 0.740625 0.1458641972222222 0.7078125 0.16123456666666666 0.7046875 0.19166666666666668 0.71993599375 0.21666666666666667 0.7236908765625001 0.21666666666666667 0.7328125 0.21500000000000002 0.7484375 0.1683950611111111
0 0.31875 0.9972222222222222 0.3421875 0.9962962972222222 0.3453125 0.98228395 0.35 0.9959876555555556 0.3578125 0.995679011111111 0.359375 0.9845061722222221 0.3484375 0.976604938888889 0.35 0.9654321 0.3578125 0.9679012333333332 0.35625 0.9596296305555555 0.353125 0.9653086416666667 0.3453125 0.9572839500000001 0.3453125 0.9406172833333334 0.331054690625 0.9361111111111111 0.329527828125 0.9361111111111111 0.3265625 0.9441358027777778 0.31875 0.9972222222222222