0 0.525 0.011111111111111112 0.51875 0 0.496875 0.002777777777777778 0.4828125 0.05555555555555555 0.4859375 0.09166666666666666 0.5140625 0.10555555555555556 0.5265625 0.08333333333333333 0.525 0.011111111111111112
0 0.3296875 0 0.3328125 0.05 0.346875 0.075 0.359375 0.075 0.3734375 0.058333333333333334 0.375 0.025 0.3640625 0 0.3296875 0
0 0.428125 0.17777777777777778 0.43125 0.14166666666666666 0.41875 0.11666666666666667 0.4046875 0.1111111111111111 0.3953125 0.13055555555555556 0.3921875 0.1638888888888889 0.4 0.18333333333333332 0.4171875 0.18888888888888888 0.428125 0.17777777777777778
0 0.5265625 0.08888888888888889 0.528125 0.022222222222222223 0.51875 0 0.4953125 0.005555555555555556 0.484375 0.04722222222222222 0.4828125 0.08611111111111111 0.490625 0.1 0.515625 0.10555555555555556 0.5265625 0.08888888888888889
0 0.33125 0 0.3375 0.06388888888888888 0.359375 0.075 0.371875 0.06111111111111111 0.371875 0.011111111111111112 0.3640625 0 0.33125 0
0 0.290625 0.5861111111111111 0.296875 0.5388888888888889 0.2875 0.5138888888888888 0.2640625 0.5083333333333333 0.2515625 0.5194444444444445 0.24375 0.5583333333333333 0.2546875 0.6027777777777777 0.265625 0.6055555555555555 0.290625 0.5861111111111111
0 0.23125 0.9527777777777777 0.2234375 0.9305555555555556 0.2046875 0.9194444444444444 0.1796875 0.9694444444444444 0.1796875 0.9972222222222222 0.2109375 0.9972222222222222 0.228125 0.9777777777777777 0.23125 0.9527777777777777
0 0.50625 0.3277777777777778 0.5109375 0.2916666666666667 0.4984375 0.26666666666666666 0.48125 0.26666666666666666 0.4703125 0.2833333333333333 0.4703125 0.32222222222222224 0.478125 0.33611111111111114 0.4984375 0.3388888888888889 0.50625 0.3277777777777778
0 0.290625 0.4361111111111111 0.290625 0.4111111111111111 0.2828125 0.39166666666666666 0.265625 0.3888888888888889 0.2484375 0.4083333333333333 0.2484375 0.43333333333333335 0.265625 0.4583333333333333 0.278125 0.4583333333333333 0.290625 0.4361111111111111
0 0.225 0.8027777777777778 0.2046875 0.7861111111111111 0.1828125 0.8277777777777777 0.184375 0.8555555555555555 0.2203125 0.8555555555555555 0.2265625 0.8388888888888889 0.225 0.8027777777777778
0 0.2921875 0.8194444444444444 0.2828125 0.8 0.265625 0.7972222222222223 0.2546875 0.8194444444444444 0.2546875 0.8666666666666667 0.2625 0.8722222222222222 0.2890625 0.8527777777777777 0.2921875 0.8194444444444444
0 0.228125 0.19722222222222222 0.2296875 0.16944444444444445 0.221875 0.1527777777777778 0.1890625 0.15 0.1859375 0.1638888888888889 0.2 0.20833333333333334 0.2171875 0.21388888888888888 0.228125 0.19722222222222222
0 0.54375 0.17222222222222222 0.559375 0.18333333333333332 0.553125 0.13333333333333333 0.540625 0.13055555555555556 0.5328125 0.14166666666666666 0.525 0.15833333333333333 0.525 0.18333333333333332 0.5328125 0.19444444444444445 0.54375 0.17222222222222222
0 0.565625 0.06944444444444445 0.55625 0.06666666666666667 0.540625 0.09166666666666666 0.5484375 0.12222222222222222 0.5671875 0.13333333333333333 0.5703125 0.08611111111111111 0.565625 0.06944444444444445
0 0.4296875 0.14166666666666666 0.415625 0.11388888888888889 0.4015625 0.11666666666666667 0.3953125 0.13333333333333333 0.3921875 0.16111111111111112 0.4 0.18333333333333332 0.4265625 0.18055555555555555 0.4296875 0.14166666666666666
0 0.5497156249999999 0.07323333333333333 0.5369312500000001 0.10101111111111111 0.5426140625 0.1338388888888889 0.5681812500000001 0.1439388888888889 0.5809656249999999 0.10606111111111112 0.5710234375 0.08333333333333333 0.5497156249999999 0.07323333333333333
0 0.5269890625 0.16666666666666666 0.5340906249999999 0.20454444444444445 0.5625 0.20706944444444444 0.5681812500000001 0.1388888888888889 0.5426140625 0.1388888888888889 0.5269890625 0.16666666666666666