0 0.7625 0.7416666666666667 0.7625 0.7083333333333334 0.725 0.6555555555555556 0.7046875 0.6527777777777778 0.6890625 0.6805555555555556 0.6890625 0.725 0.7046875 0.7472222222222222 0.746875 0.7638888888888888 0.7625 0.7416666666666667
0 0.7890625 0.5833333333333334 0.784375 0.5472222222222223 0.75 0.5166666666666667 0.73125 0.5166666666666667 0.7125 0.55 0.7125 0.5833333333333334 0.728125 0.6083333333333333 0.7765625 0.6055555555555555 0.7890625 0.5833333333333334
0 0.5921875 0.7694444444444445 0.603125 0.7527777777777778 0.603125 0.7138888888888889 0.590625 0.6638888888888889 0.5640625 0.6555555555555556 0.546875 0.6777777777777778 0.5453125 0.7222222222222222 0.5515625 0.7444444444444445 0.5796875 0.7694444444444445 0.5921875 0.7694444444444445
0 0.45 0.5888888888888889 0.45 0.5527777777777778 0.43125 0.5194444444444445 0.4109375 0.5222222222222223 0.3953125 0.5472222222222223 0.3921875 0.5888888888888889 0.40625 0.6194444444444445 0.4296875 0.6222222222222222 0.45 0.5888888888888889
0 0.678125 0.6083333333333333 0.678125 0.5722222222222222 0.6546875 0.5388888888888889 0.640625 0.5361111111111111 0.625 0.5555555555555556 0.621875 0.5916666666666667 0.6328125 0.6194444444444445 0.6640625 0.625 0.678125 0.6083333333333333
0 0.3625 0.7111111111111111 0.3578125 0.6666666666666666 0.3296875 0.6527777777777778 0.315625 0.6722222222222223 0.315625 0.7277777777777777 0.3296875 0.7555555555555555 0.3421875 0.7583333333333333 0.3625 0.7111111111111111
0 0.2953125 0.575 0.2953125 0.5305555555555556 0.2875 0.5138888888888888 0.2671875 0.5083333333333333 0.2515625 0.5222222222222223 0.246875 0.5694444444444444 0.2578125 0.6055555555555555 0.2859375 0.5916666666666667 0.2953125 0.575
0 0.5203125 0.5944444444444444 0.5203125 0.5611111111111111 0.509375 0.5361111111111111 0.4875 0.5333333333333333 0.4734375 0.5611111111111111 0.4734375 0.5944444444444444 0.4875 0.6194444444444445 0.5046875 0.625 0.5203125 0.5944444444444444
0 0.23125 0.9444444444444444 0.21875 0.9222222222222223 0.2046875 0.9194444444444444 0.18125 0.9638888888888889 0.178125 0.9972222222222222 0.215625 0.9972222222222222 0.2296875 0.9805555555555555 0.23125 0.9444444444444444
0 0.6375 0 0.6203125 0.03333333333333333 0.6203125 0.05277777777777778 0.6328125 0.08055555555555556 0.653125 0.08055555555555556 0.66875 0.027777777777777776 0.6703125 0 0.6375 0
0 0.3328125 0 0.334375 0.05 0.346875 0.075 0.3625 0.075 0.3734375 0.058333333333333334 0.3734375 0.019444444444444445 0.3640625 0 0.3328125 0
0 0.29375 0.8555555555555555 0.2953125 0.8222222222222222 0.2859375 0.8027777777777778 0.26875 0.8 0.2578125 0.8194444444444444 0.2515625 0.8472222222222222 0.25625 0.8722222222222222 0.26875 0.8777777777777778 0.29375 0.8555555555555555
0 0.434375 0.8722222222222222 0.4359375 0.8361111111111111 0.428125 0.8194444444444444 0.409375 0.8138888888888889 0.396875 0.8361111111111111 0.396875 0.8638888888888889 0.4078125 0.8916666666666667 0.4171875 0.8944444444444445 0.434375 0.8722222222222222
0 0.7078125 0.3527777777777778 0.7 0.3277777777777778 0.6765625 0.32222222222222224 0.665625 0.33611111111111114 0.6625 0.37222222222222223 0.6765625 0.39444444444444443 0.696875 0.3861111111111111 0.7078125 0.3527777777777778
0 0.3515625 0.9361111111111111 0.3328125 0.9333333333333333 0.3203125 0.9527777777777777 0.315625 0.9972222222222222 0.359375 0.9944444444444445 0.3609375 0.9555555555555556 0.3515625 0.9361111111111111
0 0.3578125 0.8527777777777777 0.35625 0.8194444444444444 0.346875 0.8111111111111111 0.3296875 0.8111111111111111 0.31875 0.8388888888888889 0.3171875 0.8666666666666667 0.3296875 0.8861111111111111 0.3515625 0.8722222222222222 0.3578125 0.8527777777777777
0 0.596875 0.5888888888888889 0.596875 0.5694444444444444 0.584375 0.5444444444444444 0.5640625 0.5472222222222223 0.55625 0.5666666666666667 0.5578125 0.6 0.56875 0.6166666666666667 0.5859375 0.6138888888888889 0.596875 0.5888888888888889
0 0.2265625 0.8166666666666667 0.215625 0.7888888888888889 0.203125 0.7888888888888889 0.190625 0.8055555555555556 0.1828125 0.8305555555555556 0.184375 0.8555555555555555 0.2234375 0.8527777777777777 0.2265625 0.8166666666666667
0 0.6625 0.17777777777777778 0.6625 0.12777777777777777 0.64375 0.125 0.6265625 0.14166666666666666 0.625 0.16944444444444445 0.63125 0.19166666666666668 0.6515625 0.19722222222222222 0.6625 0.17777777777777778
0 0.434375 0.18611111111111112 0.4359375 0.1527777777777778 0.4234375 0.12777777777777777 0.4078125 0.125 0.4 0.15 0.3984375 0.17777777777777778 0.409375 0.2 0.425 0.2 0.434375 0.18611111111111112
0 0.2859375 0.45 0.290625 0.4111111111111111 0.284375 0.39444444444444443 0.2546875 0.3972222222222222 0.2484375 0.42777777777777776 0.2578125 0.45 0.2671875 0.4583333333333333 0.2859375 0.45
0 0.734375 0.14444444444444443 0.70625 0.16666666666666666 0.70625 0.2 0.728125 0.21666666666666667 0.7484375 0.16111111111111112 0.734375 0.14444444444444443
0 0.58125 0.44722222222222224 0.590625 0.4388888888888889 0.590625 0.39166666666666666 0.5625 0.39166666666666666 0.55625 0.4027777777777778 0.55625 0.42777777777777776 0.5640625 0.44166666666666665 0.58125 0.44722222222222224
0 0.559375 0.9472222222222222 0.5484375 0.9555555555555556 0.5484375 0.9972222222222222 0.5859375 0.9972222222222222 0.5828125 0.975 0.559375 0.9472222222222222