0 0.442929759375 0 0.4421875 0.0052880666666666664 0.440625 0.05808641944444444 0.4546875 0.0856790111111111 0.4796875 0.08534979444444445 0.496875 0.05179012222222222 0.496875 0.032345677777777776 0.4864339796875 0 0.442929759375 0
0 0.2289883859375 0 0.225 0.005370369444444445 0.225 0.04425925833333333 0.240625 0.060720163888888894 0.2546875 0.10497942499999999 0.2625 0.10765432222222222 0.2640625 0.09096707777777778 0.2796875 0.06298353888888888 0.2796875 0 0.2289883859375 0
0 0.359983159375 0 0.3671875 0.009053497222222222 0.375 0.07839506111111111 0.3875 0.10045267499999999 0.390625 0.08652263333333333 0.4046875 0.08355966944444444 0.4078125 0.05296296388888889 0.41875 0.03615226388888889 0.415625 0.013971194444444444 0.4078125 0.011296297222222222 0.40568920156250005 0 0.359983159375 0
0 0.748152709375 0 0.746875 0.0068312749999999995 0.7375 0.006954733333333333 0.7265625 0.023765433333333332 0.7234375 0.04325102777777778 0.73125 0.070925925 0.7421875 0.08467078055555555 0.7578125 0.08168724166666666 0.778125 0.025864197222222222 0.778125 0.006419752777777778 0.7750970500000001 0 0.748152709375 0
0 0.513302053125 0 0.5109375 0.021049383333333335 0.51875 0.05983539166666667 0.5328125 0.08187242777777778 0.54375 0.08172839444444445 0.55 0.05664609166666667 0.5609375 0.04539094722222223 0.5609375 0 0.513302053125 0
0 0.29401134375 0 0.2984375 0.06551440277777777 0.309375 0.08481481388888888 0.328125 0.0845679 0.340625 0.062181069444444445 0.340625 0.026069958333333334 0.3265625 0.0068107 0.3265625 0 0.29401134375 0
0 0.59631901875 0 0.5921875 0.008868313888888889 0.5875 0.025596708333333332 0.5921875 0.06720164722222222 0.603125 0.078168725 0.6203125 0.07516460833333334 0.63125 0.050020575000000005 0.633927784375 0 0.59631901875 0
0 0.48125 0.9269958861111112 0.4609375 0.9217078194444445 0.4421875 0.9413991777777778 0.4390625 0.9775514416666666 0.44375 0.9913786 0.4921875 0.9907407416666667 0.496875 0.9740123444444445 0.4984375 0.9628806583333334 0.48125 0.9269958861111112
0 0.70625 0.9712551444444445 0.7015625 0.9213168722222222 0.6859375 0.9076337444444444 0.665625 0.9162345666666667 0.6515625 0.9469753083333333 0.653125 0.9691769555555556 0.6609375 0.9579629638888889 0.671875 0.9828189305555556 0.6828125 0.9882304527777778 0.7015625 0.9879835388888889 0.70625 0.9712551444444445
0 0.7609375 0.9288683138888888 0.7515625 0.9262139916666666 0.7484375 0.9123662555555555 0.734375 0.9125514416666667 0.7140625 0.9489300416666667 0.71875 0.9599794250000001 0.7140625 0.9878189305555556 0.775 0.9814609055555555 0.775 0.962016461111111 0.7640625 0.9538271611111111 0.7609375 0.9288683138888888
0 0.4765625 0.5437242805555556 0.465625 0.5244238694444445 0.4265625 0.5304938277777778 0.421875 0.5388888888888889 0.4234375 0.5666460916666667 0.4484375 0.5940946500000001 0.4671875 0.5938477361111112 0.4765625 0.5770576138888889 0.4765625 0.5437242805555556
0 0.4125 0.8306790111111111 0.403125 0.8085802472222222 0.384375 0.8060493833333333 0.35625 0.8230864194444444 0.3578125 0.8591769555555555 0.371875 0.8589917694444444 0.3859375 0.8810288055555555 0.4015625 0.8724897111111111 0.4125 0.8501234555555556 0.4125 0.8306790111111111
0 0.2796875 0.9268724277777778 0.2515625 0.9161316861111112 0.240625 0.9329423861111111 0.2375 0.9635390944444444 0.2265625 0.9720164611111112 0.234375 0.9941358027777778 0.2640625 0.9937448555555556 0.278125 0.9824485583333333 0.2796875 0.9268724277777778
0 0.6412187203124999 0 0.64375 0.03596707777777778 0.653125 0.058065844444444445 0.66875 0.07174897222222222 0.6859375 0.06041152222222222 0.6845778375 0 0.6412187203124999 0
0 0.621875 0.8001440333333333 0.603125 0.8003909472222221 0.58125 0.8284567888888889 0.5796875 0.8479218111111111 0.5875 0.8589300416666666 0.61875 0.8751851861111111 0.6328125 0.8583333333333333 0.6328125 0.8194444444444444 0.621875 0.8001440333333333
0 0.509375 0.9516255138888889 0.5125 0.9904732500000001 0.5609375 0.9898353916666666 0.5609375 0.9398353916666666 0.54375 0.923395061111111 0.5234375 0.9292181083333334 0.509375 0.9516255138888889
0 0.31875 0.9291358027777777 0.303125 0.9460082305555556 0.3 0.976604938888889 0.3046875 0.9932098777777778 0.35 0.9926131694444444 0.35625 0.9647530861111111 0.334375 0.9317078194444444 0.31875 0.9291358027777777
0 0.4578125 0.10230452777777778 0.4453125 0.13858024722222223 0.446875 0.18855966944444444 0.465625 0.19664609166666666 0.48125 0.18255144166666668 0.4828125 0.1325308638888889 0.465625 0.10220164722222222 0.4578125 0.10230452777777778
0 0.296875 0.13775720277777778 0.2984375 0.19051440277777776 0.3234375 0.204074075 0.3375 0.17333333333333334 0.3328125 0.12895061666666666 0.3140625 0.11530864166666667 0.296875 0.13775720277777778
0 0.5328125 0.11798353888888889 0.5171875 0.14874485555555556 0.5171875 0.18763374444444444 0.528125 0.2041563777777778 0.54375 0.20395061666666667 0.559375 0.1759670777777778 0.54375 0.12061728333333332 0.5328125 0.11798353888888889
0 0.559375 0.8287448555555555 0.5453125 0.8094855972222221 0.528125 0.8152674888888888 0.5125 0.8321399166666668 0.521875 0.8653497944444445 0.540625 0.8873251027777778 0.5515625 0.8816255138888889 0.559375 0.8593004111111111 0.559375 0.8287448555555555
0 0.371875 0.12010288055555556 0.359375 0.13971193333333332 0.359375 0.18693415555555554 0.36875 0.20347736666666666 0.3875 0.2032304527777778 0.3984375 0.18086419722222222 0.3984375 0.15308641944444445 0.371875 0.12010288055555556
0 0.271875 0.16030864166666667 0.2625 0.1465432111111111 0.2359375 0.14133744722222222 0.2296875 0.16919753055555556 0.2390625 0.20240740833333334 0.25 0.2161522638888889 0.2625 0.21598765555555555 0.2734375 0.1936214 0.271875 0.16030864166666667
0 0.3734375 0.9478600833333333 0.3734375 0.9923045277777778 0.41875 0.9917078194444444 0.4203125 0.9555761305555556 0.403125 0.9335802472222222 0.384375 0.9338271611111111 0.3734375 0.9478600833333333
0 0.2328125 0.7941563777777778 0.215625 0.8110493833333333 0.221875 0.8609670777777778 0.2578125 0.8521604944444445 0.2625 0.8132098777777779 0.25 0.7939300416666667 0.2328125 0.7941563777777778
0 0.6140625 0.9252469138888889 0.5953125 0.9393827166666666 0.5921875 0.9727572027777778 0.596875 0.9893621388888889 0.6375 0.9888271611111111 0.6375 0.95271605 0.63125 0.9361316861111111 0.6140625 0.9252469138888889
0 0.6953125 0.12417695555555557 0.6671875 0.124547325 0.659375 0.13853909444444445 0.6578125 0.17189300277777778 0.66875 0.19119341666666664 0.6859375 0.19096707777777777 0.696875 0.17415637777777776 0.7 0.13244855833333333 0.6953125 0.12417695555555557
0 0.7015625 0.79909465 0.6765625 0.7994238694444444 0.6625 0.8246090527777779 0.665625 0.8467901222222223 0.684375 0.8604321 0.7078125 0.8601234555555556 0.7109375 0.8323045277777779 0.7015625 0.79909465
0 0.3375 0.8038888888888889 0.321875 0.7957613166666666 0.3046875 0.8098765444444445 0.303125 0.8543415638888889 0.3078125 0.8681687250000001 0.3203125 0.8707818916666666 0.340625 0.8566255138888889 0.3421875 0.8149382722222221 0.3375 0.8038888888888889
0 0.759375 0.6538888888888889 0.7453125 0.654074075 0.73125 0.6792592583333333 0.73125 0.6987037027777778 0.7453125 0.7179629638888888 0.7703125 0.7148559666666666 0.778125 0.703641975 0.7765625 0.6842181083333334 0.759375 0.6538888888888889
0 0.5453125 0.2705967083333333 0.54375 0.2595061722222222 0.53125 0.25967078055555554 0.5203125 0.27648148055555555 0.5171875 0.2987448555555555 0.5328125 0.32353909444444445 0.54375 0.3233950611111111 0.5578125 0.2982098777777778 0.5546875 0.27602880555555553 0.5453125 0.2705967083333333
0 0.7234375 0.14602880555555556 0.7296875 0.1792798361111111 0.740625 0.18469135833333333 0.7578125 0.17057613055555557 0.7640625 0.15104938333333334 0.759375 0.14277777777777778 0.7234375 0.14602880555555556