0 0.7703125 0.6823662555555555 0.759375 0.6655555555555556 0.7421875 0.6681069972222222 0.7375 0.6763786 0.7375 0.7263785999999999 0.75 0.7348765444444445 0.771875 0.7268312750000001 0.775 0.6990946499999999 0.7703125 0.6823662555555555
0 0.2375 0.7947942388888889 0.225 0.8085185194444444 0.2234375 0.8584979416666667 0.25 0.8588477361111111 0.2609375 0.8451028805555555 0.2609375 0.8089917694444444 0.2515625 0.794979425 0.2375 0.7947942388888889
0 0.3234375 0.007037036111111111 0.3 0.012283949999999998 0.3 0.07895061666666667 0.3125 0.08744855833333333 0.334375 0.08218106944444445 0.3421875 0.06006172777777778 0.3421875 0.03228395 0.3234375 0.007037036111111111
0 0.5484375 0.13777777777777778 0.53125 0.1347736638888889 0.51875 0.1484979416666667 0.5171875 0.19847736666666668 0.5234375 0.20967078055555557 0.5421875 0.2126954722222222 0.5546875 0.19897119444444447 0.5546875 0.15174897222222222 0.5484375 0.13777777777777778
0 0.4109375 0.822078188888889 0.4 0.8108230444444444 0.38125 0.8133539083333333 0.375 0.821604938888889 0.375 0.8743827166666667 0.38125 0.8827983527777779 0.396875 0.8830041138888889 0.409375 0.8720576138888889 0.4109375 0.822078188888889
0 0.6296875 0.06662551388888889 0.6296875 0.013847736111111113 0.6 0.007901233333333334 0.5921875 0.024465019444444444 0.5859375 0.024382716666666665 0.5859375 0.07160493888888889 0.6 0.08845678888888889 0.621875 0.08596707777777778 0.6296875 0.06662551388888889
0 0.7046875 0.8148353916666666 0.6734375 0.8144238694444444 0.671875 0.8616255138888889 0.6875 0.8757201638888888 0.70625 0.8759670777777777 0.7109375 0.8649176944444444 0.7109375 0.8399176944444444 0.7046875 0.8148353916666666
0 0.4875 0.014753086111111112 0.4796875 0.006316872222222223 0.44375 0.011399177777777776 0.4421875 0.0724897111111111 0.45625 0.09489711944444444 0.471875 0.09788065833333334 0.4921875 0.07314814722222222 0.4921875 0.02314814722222222 0.4875 0.014753086111111112
0 0.3359375 0.14886831388888888 0.3234375 0.13203703611111112 0.3 0.13172839444444445 0.296875 0.17057613055555557 0.3046875 0.1845679 0.30625 0.20403292222222222 0.3296875 0.20711934166666665 0.3375 0.185 0.3359375 0.14886831388888888
0 0.5438878468749999 1 0.565625 0.999115225 0.565625 0.9546707805555557 0.55 0.9266872416666667 0.53125 0.9264403305555556 0.51875 0.9401646083333333 0.5125 0.9511934166666666 0.514024578125 1 0.5438878468749999 1
0 0.4796875 0.9340946499999999 0.4484375 0.9364609055555555 0.4421875 0.9474897111111111 0.4421875 0.9974897111111111 0.4921875 0.9953703694444443 0.49375 0.9620576138888889 0.4890625 0.9425514416666666 0.4796875 0.9340946499999999
0 0.635854078125 1 0.634375 0.950020575 0.6234375 0.9359876555555555 0.6046875 0.9385185194444444 0.59375 0.9494855972222223 0.59375 0.9967078194444444 0.61647726875 1 0.635854078125 1
0 0.7734375 1 0.7734375 0.9740740750000001 0.7546875 0.926604938888889 0.73125 0.9262962972222222 0.725 0.9345473249999999 0.721875 0.9872839499999999 0.7303827093749999 1 0.7734375 1
0 0.55 0.8211316861111112 0.525 0.8263580249999999 0.5234375 0.8735596694444444 0.5375 0.8959670777777778 0.5484375 0.8961111111111112 0.5609375 0.8629423861111112 0.5609375 0.8379423861111112 0.55 0.8211316861111112
0 0.7703125 0.01569958888888889 0.7375 0.015267488888888889 0.7375 0.02360082222222222 0.7296875 0.02905349722222222 0.725 0.04010288055555555 0.725 0.07899176944444444 0.7375 0.1013786 0.75625 0.09884773611111111 0.7703125 0.06292181111111111 0.7703125 0.01569958888888889
0 0.3125 0.9374485583333333 0.30625 0.9456995888888888 0.30625 0.9984773666666666 0.3484375 0.9934773666666668 0.3484375 0.9518107 0.340625 0.9378189305555557 0.3125 0.9374485583333333
0 0.3984375 0.15802469166666666 0.390625 0.14403292222222222 0.3828125 0.13559670833333334 0.3625 0.13532921944444445 0.35625 0.146358025 0.35625 0.1880246916666667 0.3625 0.19921810833333334 0.3796875 0.21055555555555555 0.3984375 0.19413580277777778 0.3984375 0.15802469166666666
0 0.3140625 0.7958024694444443 0.30625 0.8095884777777778 0.30625 0.8706995888888888 0.334375 0.8710699583333334 0.3484375 0.8462551444444445 0.3484375 0.8212551444444445 0.3375 0.7961111111111112 0.3140625 0.7958024694444443
0 0.5546875 0.31563786111111114 0.5546875 0.2850823055555556 0.5484375 0.27388888888888885 0.5203125 0.27351851944444444 0.5203125 0.32351851944444443 0.5265625 0.3374897111111111 0.546875 0.33775720277777777 0.5421875 0.33213991666666665 0.5546875 0.31563786111111114
0 0.2609375 0.9089917694444444 0.24375 0.9337654333333333 0.23125 0.9669341555555555 0.23125 0.9974897111111111 0.2671875 0.9979629638888888 0.2859375 0.9704320999999999 0.2828125 0.9065020583333333 0.2609375 0.9089917694444444
0 0.2734375 0.17026748888888887 0.259375 0.14786008333333334 0.2359375 0.14477366388888888 0.23125 0.14748971111111112 0.23125 0.18082304444444444 0.2515625 0.219979425 0.2609375 0.21732510277777778 0.2734375 0.1952674888888889 0.2734375 0.17026748888888887
0 0.4671875 0.13393004166666667 0.446875 0.13644033055555554 0.44375 0.18917695555555553 0.45625 0.20878600833333336 0.4734375 0.20901234444444444 0.484375 0.1786008222222222 0.4796875 0.14798353888888888 0.4671875 0.13393004166666667
0 0.73125 0.16240740833333334 0.7296875 0.21516460833333334 0.75625 0.21551440277777775 0.76875 0.17679012222222223 0.7640625 0.15172839444444444 0.7390625 0.15139917777777778 0.73125 0.16240740833333334
0 0.4484375 0.1420164611111111 0.446875 0.1947736638888889 0.4609375 0.20884773611111113 0.478125 0.20074074166666667 0.48125 0.15633744722222223 0.465625 0.13113168611111112 0.4484375 0.1420164611111111
0 0.5328125 0.1347942388888889 0.5171875 0.1568107 0.51875 0.206831275 0.5328125 0.2181275722222222 0.5515625 0.20726337499999997 0.5578125 0.17956789999999997 0.5453125 0.137736625 0.5328125 0.1347942388888889
0 0.59375 0.08281893055555556 0.615625 0.09144033055555556 0.63125 0.06386831388888889 0.6328125 0.008333333333333333 0.6015625 0.00792181111111111 0.5875 0.038292180555555555 0.59375 0.08281893055555556
0 0.4453125 0.005864197222222223 0.4453125 0.07530864166666668 0.4625 0.09775720277777779 0.4765625 0.09238683055555555 0.4828125 0.07858024722222222 0.48125 0.017448558333333333 0.4453125 0.005864197222222223
0 0.728125 0.062366255555555555 0.746875 0.08483539166666666 0.778125 0.04358024722222222 0.778125 0.024135802777777778 0.7703125 0.010144033333333333 0.7546875 0.009938272222222221 0.7296875 0.04294238611111111 0.728125 0.062366255555555555
0 0.509375 0.07337448611111111 0.5171875 0.09014403333333335 0.5375 0.09874485555555555 0.559375 0.08792181111111111 0.5671875 0.054691358333333336 0.5625 0.007407408333333333 0.5125 0.006748972222222222 0.509375 0.015041152777777778 0.509375 0.07337448611111111
0 0.65 0.064115225 0.6578125 0.08088477499999999 0.684375 0.08679012222222222 0.69375 0.009135802777777778 0.6640625 0.008744855555555556 0.65 0.02800411388888889 0.65 0.064115225
0 0.4671875 0.5367078194444445 0.446875 0.5364403305555555 0.440625 0.5502469138888889 0.440625 0.5835802472222222 0.4515625 0.603168725 0.465625 0.6061316861111111 0.478125 0.5812962972222222 0.478125 0.5562962972222223 0.4671875 0.5367078194444445
0 0.5328125 0.27368312777777776 0.5203125 0.29296296388888887 0.5171875 0.31514403333333335 0.5265625 0.3402674888888889 0.5515625 0.34059670833333333 0.559375 0.3156995888888889 0.553125 0.28783950555555554 0.5328125 0.27368312777777776
0 0.6984375 0.13697530833333332 0.675 0.1338888888888889 0.6625 0.14205761388888888 0.65625 0.15030864166666666 0.65625 0.18919753055555555 0.671875 0.20329218055555556 0.690625 0.20076131666666666 0.6984375 0.1758641972222222 0.6984375 0.13697530833333332
0 0.3984375 0.9191358027777778 0.38125 0.9355761305555556 0.375 0.946604938888889 0.375 0.9993827166666667 0.4171875 0.9943827166666667 0.4171875 0.9471604944444445 0.4109375 0.9193004111111112 0.3984375 0.9191358027777778
0 0.634375 0.8389094638888889 0.6234375 0.8137654333333333 0.5984375 0.8134362138888889 0.5921875 0.8244650194444445 0.5921875 0.8605761305555556 0.6 0.8745679000000001 0.6234375 0.8859876555555556 0.634375 0.8722427972222222 0.634375 0.8389094638888889
0 0.3796875 0.08 0.403125 0.08586419722222222 0.4109375 0.0720781888888889 0.4125 0.044320988888888885 0.39375 0.019074075 0.39375 0.005185186111111111 0.36875 0.004855966666666667 0.36875 0.03541152222222222 0.3796875 0.08
0 0.2765625 0.03141975277777778 0.259375 0.020082305555555555 0.2375 0.05590535 0.2421875 0.08374485555555555 0.25625 0.10059670833333334 0.26875 0.0952057611111111 0.28125 0.06203703611111111 0.2765625 0.03141975277777778
0 0.7060753484375 1 0.7046875 0.9481687249999999 0.6953125 0.9258230444444444 0.6796875 0.9200617277777777 0.665625 0.936543211111111 0.6609375 0.9753703694444444 0.6671875 0.9921193416666666 0.68856026875 1 0.7060753484375 1