0 0.2953125 0.3111111111111111 0.29375 0.2361111111111111 0.271875 0.2361111111111111 0.24375 0.21666666666666667 0.2265625 0.2388888888888889 0.228125 0.275 0.2578125 0.3277777777777778 0.278125 0.3333333333333333 0.2953125 0.3111111111111111
0 0.2953125 0.575 0.2953125 0.5305555555555556 0.284375 0.5111111111111111 0.25625 0.5111111111111111 0.2453125 0.5444444444444444 0.2453125 0.5722222222222222 0.25625 0.6055555555555555 0.2796875 0.5972222222222222 0.2953125 0.575
0 0.265625 0.75 0.278125 0.7472222222222222 0.284375 0.7111111111111111 0.278125 0.6805555555555556 0.2515625 0.6722222222222223 0.2328125 0.7166666666666667 0.234375 0.7611111111111111 0.2390625 0.775 0.246875 0.775 0.265625 0.75
0 0.359375 0.25833333333333336 0.35625 0.21944444444444444 0.325 0.18333333333333332 0.3140625 0.20833333333333334 0.315625 0.2722222222222222 0.328125 0.2916666666666667 0.35 0.28888888888888886 0.359375 0.25833333333333336
0 0.21875 0.9972222222222222 0.228125 0.9861111111111112 0.23125 0.9444444444444444 0.221875 0.925 0.203125 0.9194444444444444 0.1921875 0.9333333333333333 0.190625 0.95 0.178125 0.9722222222222222 0.1796875 0.9972222222222222 0.21875 0.9972222222222222
0 0.6375 0 0.61875 0.03333333333333333 0.61875 0.05277777777777778 0.6265625 0.075 0.6515625 0.08055555555555556 0.6625 0.05277777777777778 0.6703125 0 0.6375 0
0 0.33125 0 0.334375 0.058333333333333334 0.3453125 0.075 0.365625 0.07222222222222222 0.3734375 0.05555555555555555 0.371875 0.013888888888888888 0.3640625 0 0.33125 0
0 0.29375 0.8416666666666667 0.2921875 0.8166666666666667 0.2796875 0.7972222222222223 0.265625 0.7972222222222223 0.253125 0.825 0.25 0.8583333333333333 0.259375 0.875 0.284375 0.8638888888888889 0.29375 0.8416666666666667
0 0.2890625 0.4444444444444444 0.2921875 0.41944444444444445 0.284375 0.39444444444444443 0.265625 0.3888888888888889 0.2484375 0.40555555555555556 0.246875 0.42777777777777776 0.2609375 0.45555555555555555 0.2734375 0.46111111111111114 0.2890625 0.4444444444444444
0 0.21875 0.8555555555555555 0.2265625 0.8361111111111111 0.2234375 0.8083333333333333 0.209375 0.7888888888888889 0.1921875 0.8027777777777778 0.1828125 0.8333333333333334 0.184375 0.8555555555555555 0.1953125 0.8638888888888889 0.21875 0.8555555555555555
0 0.70625 0.35555555555555557 0.7 0.3277777777777778 0.6734375 0.32222222222222224 0.665625 0.3333333333333333 0.6640625 0.37777777777777777 0.678125 0.39444444444444443 0.69375 0.3888888888888889 0.70625 0.35555555555555557
0 0.6609375 0.18055555555555555 0.665625 0.14722222222222223 0.6609375 0.125 0.6375 0.12777777777777777 0.6265625 0.14166666666666666 0.625 0.175 0.6296875 0.18888888888888888 0.65 0.19722222222222222 0.6609375 0.18055555555555555
0 0.434375 0.18888888888888888 0.4359375 0.15 0.4234375 0.12777777777777777 0.4109375 0.12222222222222222 0.4 0.14722222222222223 0.3984375 0.18055555555555555 0.4078125 0.2 0.425 0.2 0.434375 0.18888888888888888
0 0.2203125 0.2 0.228125 0.2 0.23125 0.17222222222222222 0.2265625 0.15833333333333333 0.2015625 0.14444444444444443 0.1890625 0.15 0.1859375 0.16666666666666666 0.2046875 0.21388888888888888 0.2171875 0.21388888888888888 0.2203125 0.2
0 0.746875 0.175 0.746875 0.15555555555555556 0.740625 0.14444444444444443 0.7078125 0.16111111111111112 0.7046875 0.19166666666666668 0.7171875 0.21388888888888888 0.73125 0.21388888888888888 0.746875 0.175
0 0.590625 0.4527777777777778 0.590625 0.4027777777777778 0.5640625 0.39166666666666666 0.55625 0.4083333333333333 0.5546875 0.43333333333333335 0.565625 0.4583333333333333 0.5828125 0.46111111111111114 0.590625 0.4527777777777778
0 0.2734375 0.9611111111111111 0.265625 0.9694444444444444 0.2640625 0.9972222222222222 0.3 0.9972222222222222 0.29375 0.9638888888888889 0.2734375 0.9611111111111111