0 0.75975694375 0.6382510277777779 0.73944444375 0.6387860083333333 0.7331481484375 0.6500617277777778 0.7345138890625 0.6972427972222223 0.7516666671875 0.7051234555555556 0.7736226859374999 0.6851028805555556 0.7736921296875 0.6684362138888889 0.75975694375 0.6382510277777779
0 0.23420138906250001 0.7854115222222222 0.22164351875000002 0.7996296305555556 0.21987268593749998 0.8496707805555556 0.2479976859375 0.8489300416666667 0.25743055625 0.8347942388888889 0.25758101875 0.7986831277777778 0.2467013890625 0.7850823055555556 0.23420138906250001 0.7854115222222222
0 0.2972669671875 0 0.296840278125 0.0005144027777777778 0.29967592656250003 0.06987654444444445 0.31369212968750004 0.08061728333333333 0.3340509265625 0.06897119444444445 0.34195601875000003 0.04654321111111111 0.342071759375 0.018765433333333335 0.33743055625 0.0077777777777777776 0.33029379531249997 0 0.2972669671875 0
0 0.54789351875 0.11611111111111111 0.5307175921875 0.11378600833333334 0.518159721875 0.12800411388888888 0.5163888890624999 0.17804526666666665 0.5225925921875 0.18899176944444443 0.54133101875 0.19127571944444444 0.5538888890625 0.17705761388888888 0.5540856484375001 0.12983539166666666 0.54789351875 0.11611111111111111
0 0.586892109375 0 0.58586805625 0.0012345666666666666 0.5856828703125 0.04567901111111111 0.5996643515625 0.06475308611111111 0.6215509265625 0.06139917777777778 0.62944444375 0.04174897222222222 0.6283815796875001 0 0.586892109375 0
0 0.407534721875 0.8058436222222222 0.39664351875000003 0.795020575 0.37788194375 0.7982921805555555 0.371597221875 0.8067901222222221 0.37137731406249996 0.8595678999999999 0.37759259218749996 0.8677366249999999 0.39321759218749996 0.8673251027777777 0.40576388906250005 0.8558847749999999 0.407534721875 0.8058436222222222
0 0.70133101875 0.786995886111111 0.67008101875 0.7878189305555556 0.668321759375 0.8350823055555556 0.6838888890625 0.8485596694444444 0.7026388890625 0.8480658444444444 0.7073726859375 0.836831275 0.7074768515625001 0.811831275 0.70133101875 0.786995886111111
0 0.4440030734375 0 0.44211805625 0.005020575 0.44343750000000004 0.06331275833333333 0.46211805625 0.07948559722222222 0.4856018515625 0.06775720277777778 0.49351851875 0.04255144166666667 0.488044928125 0 0.4440030734375 0
0 0.47582175937500004 0.9151440333333333 0.4445601859375 0.9187448555555556 0.43826388906249997 0.930020575 0.43805555625 0.9800205750000001 0.4880671296875 0.975925925 0.48976851874999994 0.9425514416666666 0.48516203750000003 0.9232304527777777 0.47582175937500004 0.9151440333333333
0 0.7328509546875 0 0.7233101859375 0.011502058333333334 0.7246875 0.05590535 0.73711805625 0.07224279722222222 0.75274305625 0.071831275 0.7669097218750001 0.04646090555555556 0.7695885062500001 0 0.7328509546875 0
0 0.3399768515625 0.14658436111111112 0.3260300921875 0.11917695555555555 0.3010300921875 0.11983539166666667 0.29631944374999997 0.12551440277777776 0.29618055625 0.1588477361111111 0.31320601875 0.19728394999999999 0.3257175921875 0.19417695555555556 0.3351504625 0.18004115277777777 0.3399768515625 0.14658436111111112
0 0.6008101859375 0.9146296305555555 0.5898263890625 0.9260288055555554 0.5896296296875 0.9732510277777777 0.63179398125 0.9776954722222222 0.6304513890625 0.9249588472222222 0.6180092593750001 0.9113991777777778 0.6008101859375 0.9146296305555555
0 0.5430671296875 0.8994855972222222 0.5149305562500001 0.9030041138888889 0.5148611109375001 0.9196707805555555 0.5085763890624999 0.928168725 0.50991898125 0.98090535 0.5630671296875 0.9739506166666667 0.5632175921875 0.9378395055555556 0.5430671296875 0.8994855972222222
0 0.7274305562500001 0.8974074083333333 0.7211458328125 0.9059053499999999 0.7178009265624999 0.9587654333333333 0.7271180562499999 0.9724074083333333 0.76930555625 0.9712962972222223 0.7694212968749999 0.9435185194444445 0.7508680562500001 0.8967901222222222 0.7274305562500001 0.8974074083333333
0 0.546608796875 0.7994032916666667 0.521597221875 0.8028395055555555 0.5198263890625 0.8528806583333334 0.5337962968750001 0.8747325111111112 0.544733796875 0.8744444444444445 0.5573726859375 0.8407818916666667 0.5574768515625 0.8157818916666667 0.546608796875 0.7994032916666667
0 0.3978009265625 0.14228395 0.38226851875 0.12047325 0.36351851874999996 0.12096707777777777 0.355659721875 0.13228395 0.3554629625 0.1795061722222222 0.37414351875 0.19567901111111113 0.3882291671875 0.1897530861111111 0.3976736109375 0.17283950555555555 0.3978009265625 0.14228395
0 0.3138888890625 0.7833127583333334 0.30288194375 0.8002674888888889 0.30109953749999996 0.8530864194444444 0.30576388906249996 0.8585185194444445 0.3307638890625 0.8578600833333334 0.34493055625 0.8324897111111111 0.3404513890625 0.7826131694444445 0.3138888890625 0.7833127583333334
0 0.3086111109375 0.9251028805555556 0.3023263890625 0.9336008222222222 0.30210648125 0.9863786 0.3443171296875 0.9797119333333334 0.344490740625 0.9380452666666668 0.3367361109375 0.924362138888889 0.3086111109375 0.9251028805555556
0 0.2726273140625 0.18724279722222223 0.27275462968749997 0.15668724166666667 0.254097221875 0.13495884722222223 0.23534722187499998 0.135452675 0.23064814843749998 0.13835390833333333 0.230509259375 0.17168724166666666 0.24288194375 0.20191358055555556 0.256909721875 0.20987654444444442 0.26789351875 0.19847736666666668 0.2726273140625 0.18724279722222223
0 0.23196759218750002 0.9465637861111111 0.23023148125 0.9882716055555556 0.2708796296875 0.9816460916666666 0.281909721875 0.9591358027777778 0.27905092656249997 0.8953292194444444 0.25246527812499997 0.9015843611111112 0.23196759218750002 0.9465637861111111
0 0.47909722187500003 0.12903292222222223 0.46666666718750005 0.11269547222222222 0.45104166718750005 0.11310699722222223 0.44633101875000003 0.11878600833333333 0.44763888906249993 0.17985596666666667 0.45541666718749996 0.1879835388888889 0.4726041671875 0.1875308638888889 0.48050925937500005 0.16510288055555555 0.47909722187500003 0.12903292222222223
0 0.5457754625 0.24948559722222222 0.5176504625 0.2502263361111111 0.51741898125 0.30578189166666664 0.5236226859374999 0.31672839444444445 0.5486226859375 0.31606995833333335 0.5535300921874999 0.263168725 0.5457754625 0.24948559722222222
0 0.29545517656250003 0 0.2965856484375 0.06162551388888889 0.3105671296875 0.0806995888888889 0.33246527812500004 0.07456789999999999 0.3419328703125 0.052098766666666664 0.3405208328125 0.016028805555555557 0.32623315 0 0.29545517656250003 0
0 0.59251978125 0 0.5857986109375 0.017901233333333332 0.588796296875 0.048374486111111115 0.5996527781250001 0.06753086388888889 0.6215393515625001 0.06417695555555555 0.6309953703125 0.04448559722222222 0.632317253125 0 0.59251978125 0
0 0.44026605312499995 0 0.43881944375000004 0.04676954722222222 0.44810185156250004 0.06874485555555555 0.47461805625000003 0.07915637777777779 0.4887384265625 0.06489711944444444 0.49828703750000003 0.02298353888888889 0.48934072500000003 0 0.44026605312499995 0
0 0.2331158640625 0 0.226527778125 0.002366255555555556 0.2263773140625 0.038477366666666665 0.24805555625000003 0.08512345555555556 0.26993055625 0.084547325 0.2793865734375 0.06485596666666667 0.2810995375 0.028703702777777777 0.264027778125 0.0013786 0.261880803125 0 0.2331158640625 0
0 0.5128065390625001 0 0.5091550921875 0.03936213888888889 0.5199884265625 0.064074075 0.541828703125 0.071831275 0.5590740734375 0.05748971111111111 0.5605565375 0 0.5128065390625001 0
0 0.3667292796875 0 0.36547453750000003 0.026481480555555558 0.37465277812500003 0.07345678888888889 0.38243055625 0.08158436111111111 0.409027778125 0.07255144166666666 0.4185416671875 0.03897119444444444 0.4054347640625 0 0.3667292796875 0
0 0.736282828125 0 0.7264236109375 0.014197530555555556 0.7278125 0.05582304444444444 0.7386805562500001 0.07220164722222222 0.75586805625 0.07174897222222222 0.7779513890625 0.02117283888888889 0.779030753125 0 0.736282828125 0
0 0.674328703125 0.8932510277777779 0.661759259375 0.9102469138888889 0.656921296875 0.9464814805555556 0.664641203125 0.9684979416666667 0.7036574078125 0.9785802472222221 0.7007638890625 0.9231069972222221 0.6899421296875 0.8956172833333332 0.674328703125 0.8932510277777779
0 0.6810416671875 0.7819753083333334 0.6700462968750001 0.7961522638888889 0.6714351859375001 0.8377777777777778 0.6916898140625001 0.851131686111111 0.7042129625 0.8452469138888888 0.7074305562500001 0.822942386111111 0.6966550921875 0.7843415638888889 0.6810416671875 0.7819753083333334
0 0.5927893515625 0.9648353916666667 0.6052199078125 0.9811728388888888 0.6208449078125 0.9807613166666667 0.617777778125 0.9669547333333333 0.5975115734374999 0.9563786 0.5927893515625 0.9648353916666667
0 0.62163194375 0.7918724277777778 0.6075925921875001 0.7866872416666666 0.5918981484375 0.8037654333333333 0.590196759375 0.8371399166666667 0.5963888890625 0.8508641972222222 0.6135185187500001 0.8643004111111111 0.627615740625 0.8555967083333333 0.629375 0.8083333333333333 0.62163194375 0.7918724277777778
0 0.469641203125 0.5236831277777778 0.4509259265625 0.5158436222222222 0.43835648125000004 0.5328395055555556 0.43666666718749997 0.5634362138888889 0.442847221875 0.5799382722222223 0.45999999999999996 0.5878189305555556 0.47255787031249996 0.5736008222222222 0.47734953750000003 0.5484773666666667 0.469641203125 0.5236831277777778
0 0.5215393515625 0.8167283944444444 0.5213773140625 0.8556172833333333 0.535358796875 0.8746913583333333 0.5494328703125 0.8715432111111111 0.5543518515625 0.8158641972222223 0.541921296875 0.7995267500000001 0.5215393515625 0.8167283944444444
0 0.38993055625 0.9062962972222222 0.3773726859375 0.9205144027777777 0.3710763890625 0.9317901222222221 0.37085648125000004 0.9845678999999999 0.4130671296875 0.9779012333333333 0.41326388906249995 0.9306790111111111 0.40712962968750005 0.9030658444444444 0.38993055625 0.9062962972222222
0 0.69789351875 0.11216049444444444 0.6744791671875 0.10722222222222223 0.6619444437500001 0.115884775 0.655659721875 0.12438271666666666 0.6554976859375 0.16327160555555556 0.6679398140624999 0.176831275 0.6898263890624999 0.17347736666666666 0.69774305625 0.14827160555555555 0.69789351875 0.11216049444444444
0 0.7290509265625 0.13355966944444445 0.72881944375 0.189115225 0.75381944375 0.18845678888888887 0.7664467593750001 0.15757201666666668 0.765034721875 0.12150205833333333 0.7384722218750001 0.12220164722222222 0.7290509265625 0.13355966944444445
0 0.6499482765625 0 0.6513425921875 0.03561728333333333 0.6715625000000001 0.057304527777777774 0.68725694375 0.040226336111111115 0.692792484375 0 0.6499482765625 0