0 0.441547453125 0 0.4392824078125 0.041213991666666665 0.447222221875 0.07156378611111111 0.48163194374999996 0.07899176944444444 0.4940509265625 0.05921810833333333 0.5001620375 0.02572016388888889 0.4896092046875 0 0.441547453125 0
0 0.735939471875 0 0.7251504625 0.01701646111111111 0.726909721875 0.06419753055555556 0.7488425921874999 0.07751028888888889 0.764409721875 0.06320987777777777 0.7813888890625 0.012757202777777778 0.78043698125 0 0.735939471875 0
0 0.22860463125 0 0.225046296875 0.005185186111111111 0.2267708328125 0.04403292222222222 0.2472453703125 0.08238683055555555 0.26289351875 0.0875308638888889 0.27999999999999997 0.06763374444444444 0.27820601875 0.012119341666666665 0.26256944375 0.009753086111111111 0.2550657703125 0 0.22860463125 0
0 0.507586203125 0 0.5048379625 0.022818930555555554 0.5174768515625 0.05582304444444444 0.544097221875 0.06901234444444444 0.559652778125 0.051934155555555556 0.560652975 0 0.507586203125 0
0 0.6422579734375 0 0.642303240625 0.010864197222222222 0.6565624999999999 0.057716050000000005 0.669108796875 0.06849794166666666 0.686284721875 0.06526748888888889 0.6862152781249999 0.04860082222222222 0.7017245375 0.02041152222222222 0.695428240625 0.009465019444444445 0.695388803125 0 0.6422579734375 0
0 0.372348878125 0 0.3673611109375 0.03199588611111111 0.38630787031249997 0.07872428055555555 0.40505787031249996 0.07823045277777778 0.4190625 0.06397119444444445 0.4188773140625 0.01952675 0.4096979453125 0 0.372348878125 0
0 0.7319560187499999 0.9002674888888889 0.724259259375 0.9282510277777778 0.7307060187500001 0.9753086416666666 0.7775925921875 0.9768518527777779 0.7806828703125 0.9684362138888889 0.7600578703124999 0.8939711944444445 0.7475347218749999 0.8887448555555556 0.7319560187499999 0.9002674888888889
0 0.46635416718749995 0.9128189305555556 0.44923611093750004 0.9299382722222223 0.44461805625000006 0.9467283944444445 0.4479050921875 0.9855349805555556 0.49789351875000004 0.9814403305555555 0.5007870375000001 0.9258024694444444 0.48509259218749995 0.9095473249999999 0.46635416718749995 0.9128189305555556
0 0.29430544531249997 0 0.2987268515625 0.061584361111111104 0.31444444374999997 0.08339506111111111 0.3362731484375 0.07170781944444445 0.34243055624999996 0.04932098888888888 0.3423148140625 0.021543211111111113 0.3253578640625 0 0.29430544531249997 0
0 0.5941972296875 0 0.5876388890625 0.017860083333333335 0.5925 0.05940329166666666 0.6050578703125 0.0729629638888889 0.620659721875 0.06699588611111111 0.6330208328125 0.03333333333333333 0.63288194375 0 0.5941972296875 0
0 0.702233796875 0.14263374444444446 0.7020601859375 0.10096707777777779 0.664571759375 0.10473251111111112 0.6630671296874999 0.11866255277777778 0.6521527781249999 0.12450617222222221 0.656990740625 0.16049382777777776 0.6711574078125 0.18512345555555554 0.6867824078125 0.18471193333333333 0.702233796875 0.14263374444444446
0 0.32554398125 0.12199588611111112 0.30991898125 0.12240740833333334 0.29281250000000003 0.14230452777777777 0.29133101875 0.16179012222222222 0.3055208328125 0.19197530833333332 0.32430555625 0.19981481388888891 0.3382870375 0.18 0.3412268515625 0.13547325 0.32554398125 0.12199588611111112
0 0.6393402781249999 0.7999176944444445 0.6252199078125 0.7863991777777778 0.598715278125 0.8009876555555555 0.5973148140625 0.8399176944444444 0.6036226859375 0.8536419749999999 0.6193171296875 0.8698971194444444 0.6348842593749999 0.8555967083333333 0.6410648140624999 0.8387654333333333 0.6393402781249999 0.7999176944444445
0 0.5612152781249999 0.8019753083333334 0.53616898125 0.7915226333333334 0.5253356484375 0.8168107 0.5238773140624999 0.8418518527777777 0.5333796296875 0.8721604944444444 0.5506018515625 0.8800411527777778 0.55993055625 0.8686831277777778 0.5645138890625 0.8435596694444445 0.5612152781249999 0.8019753083333334
0 0.6010300921875 0.9815020583333333 0.6416550921875 0.9804321 0.6414120375000001 0.9220987666666667 0.6101041671874999 0.9090329222222222 0.5992361109375001 0.9259876555555555 0.6010300921875 0.9815020583333333
0 0.5442824078124999 0.1134567888888889 0.53179398125 0.11656378611111112 0.517847221875 0.14471193333333335 0.5179976859375001 0.18082304444444444 0.5290046296875001 0.19720164722222222 0.5446296296875001 0.1967901222222222 0.5601388890625 0.16860082222222222 0.558472221875 0.143641975 0.5442824078124999 0.1134567888888889
0 0.240821759375 0.7909670777777779 0.22533564843749998 0.8247119333333334 0.2238888890625 0.8525308638888889 0.23487268593750002 0.8633539083333334 0.26606481406250004 0.848641975 0.27373842656249997 0.8151028805555555 0.262696759375 0.7903909472222223 0.240821759375 0.7909670777777779
0 0.3104050921875 0.9891563777777778 0.35414351875 0.9852263361111112 0.3507638890625 0.9241975305555556 0.336678240625 0.9190123444444445 0.3117361109375 0.9335596694444445 0.3104050921875 0.9891563777777778
0 0.399097221875 0.14783950555555556 0.391215278125 0.13137859999999998 0.36773148125 0.120884775 0.358402778125 0.13224279722222224 0.3617476859375 0.1849382722222222 0.37431712968749997 0.20127571944444445 0.38836805625 0.19812757222222221 0.40076388906249993 0.17279835277777778 0.399097221875 0.14783950555555556
0 0.4459143515625 0.13271605 0.44611111093750005 0.17993827222222222 0.45554398125000006 0.19358024722222222 0.48361111093750003 0.17895061666666667 0.48180555625 0.1206584361111111 0.4583333328125 0.11294238611111111 0.4459143515625 0.13271605
0 0.2725578703125 0.15672839444444445 0.24902777812500002 0.13512345555555555 0.23498842656250002 0.14104938333333333 0.2304050921875 0.16617283888888887 0.23991898125 0.19925925833333333 0.2524768515625 0.21281893055555554 0.264965278125 0.20971193333333332 0.274259259375 0.19002057500000002 0.2725578703125 0.15672839444444445
0 0.2632291671875 0.918168725 0.2507523140625 0.9240534972222223 0.2353240734375 0.9716872416666666 0.2354050921875 0.9911316861111111 0.2775925921875 0.990020575 0.28225694375 0.9843415638888888 0.28211805624999997 0.9510082305555555 0.27116898125 0.9485185194444443 0.2632291671875 0.918168725
0 0.687696759375 0.7791975305555556 0.6737384265624999 0.8045679000000001 0.6722453703125 0.8212757194444446 0.6817361109375 0.8488065833333334 0.7145486109375 0.8479423861111111 0.7176041671875 0.8311934166666666 0.703321759375 0.7787860083333332 0.687696759375 0.7791975305555556
0 0.5958680562499999 0.11765432222222222 0.5960879625 0.1704321 0.6227083328125 0.1836214 0.636597221875 0.1415843611111111 0.63024305625 0.11674897222222222 0.622384259375 0.10584362222222223 0.5958680562499999 0.11765432222222222
0 0.3784143515625 0.8095678999999999 0.38179398125 0.8705967083333332 0.3927546296875 0.8758641972222222 0.41454861093749995 0.8558436222222222 0.414328703125 0.8030658444444444 0.39086805625 0.7981275722222222 0.3784143515625 0.8095678999999999
0 0.45027777812499997 0.8048971194444445 0.44881944375 0.8299382722222223 0.45832175937499997 0.860246913888889 0.4848726859375 0.8567695472222222 0.4845833328125 0.7873251027777777 0.465821759375 0.7850411527777779 0.45027777812499997 0.8048971194444445
0 0.7473958328125 0.10532921944444446 0.7380208328125 0.10557613055555556 0.7287384265625 0.12804526666666668 0.72726851875 0.15030864166666666 0.7351967593750001 0.17788065833333333 0.7477199078125001 0.18310699722222223 0.7648495375000001 0.16876543333333333 0.7646759265624999 0.12709876666666667 0.7473958328125 0.10532921944444446
0 0.3096875 0.8169341555555556 0.3066898140625 0.8475720166666666 0.313009259375 0.864074075 0.3442129625 0.8521399166666667 0.3439699078125 0.7938065833333334 0.31584490781249996 0.794547325 0.3096875 0.8169341555555556
0 0.5166550921875 0.9837242805555555 0.5650925921875001 0.9824485583333333 0.563472221875 0.9686008222222223 0.5320254624999999 0.9222016472222222 0.5149074078125 0.9393209888888888 0.5166550921875 0.9837242805555555
0 0.3791550921875 0.9873456777777777 0.4088425921875 0.9865637861111111 0.40703703750000003 0.9282716055555555 0.3882870375 0.9287654333333333 0.37898148125 0.9456790111111111 0.3791550921875 0.9873456777777777
0 0.6882870375000001 0.9208641972222223 0.6679861109375 0.9241769555555556 0.6665509265625 0.954773663888889 0.6760300921875 0.97952675 0.7057175921875001 0.9787448555555555 0.7056712968750001 0.9676337444444444 0.6899652781250001 0.9486008222222222 0.6882870375000001 0.9208641972222223
0 0.7628356484375 0.8105555555555556 0.7518287031249999 0.7941769555555556 0.742453703125 0.7944238694444444 0.7473148140625 0.8359670777777778 0.7708101859375 0.8492386833333334 0.7817013890625 0.8378395055555556 0.7816203703125 0.8183950611111112 0.7737499999999999 0.8047119333333334 0.7628356484375 0.8105555555555556