0 0.23420138906250001 0.7885390944444445 0.22164351875000002 0.8025925916666666 0.21987268593749998 0.8526131694444444 0.2479976859375 0.8522427972222223 0.25743055625 0.8382304527777779 0.25758101875 0.8021193416666667 0.24826388906250002 0.7883539083333334 0.23420138906250001 0.7885390944444445
0 0.7675115734375 0.6620781888888889 0.75664351875 0.6455555555555555 0.73944444375 0.6485596694444444 0.734722221875 0.6569547333333333 0.7345138890625 0.7069547333333334 0.7469791671875 0.7151234555555555 0.7673263890625 0.7065226333333333 0.7720486109375 0.6981275722222222 0.7675115734375 0.6620781888888889
0 0.3193184171875 0 0.298402778125 0.0044032916666666665 0.29967592656250003 0.07382716111111111 0.3340509265625 0.07337448611111111 0.34195601875000003 0.05104938333333333 0.342071759375 0.023271605555555554 0.3275040734375 0 0.3193184171875 0
0 0.5416550921875001 0.12063786111111112 0.5307175921875 0.12078189166666667 0.518159721875 0.13483539166666667 0.5164004624999999 0.18207818888888888 0.5225925921875 0.19588477499999998 0.54133101875 0.19841563888888888 0.5538888890625 0.18436213888888886 0.5525347218750001 0.13438271666666665 0.5416550921875001 0.12063786111111112
0 0.407534721875 0.8112551444444445 0.39664351875000003 0.8002880666666666 0.37788194375 0.8033127583333333 0.371597221875 0.8117283944444444 0.37137731406249996 0.8645061722222221 0.37759259218749996 0.8727572027777778 0.39321759218749996 0.8725514416666666 0.40576388906250005 0.8612757194444445 0.407534721875 0.8112551444444445
0 0.6763541671875 0.7910493833333334 0.67006944375 0.7994650194444445 0.6714351859375001 0.8466666666666667 0.6823263890625 0.8576337444444445 0.7042129625 0.8545679 0.7074884265625 0.8184156388888889 0.70133101875 0.7962757194444445 0.6763541671875 0.7910493833333334
0 0.44511574062500003 0 0.443715278125 0.002489711111111111 0.44343750000000004 0.06915637777777778 0.47149305625000004 0.08545267499999999 0.49190972187500004 0.060185186111111115 0.4935763890625 0.03516460833333333 0.487465278125 0.0019135805555555556 0.48565694375 0 0.44511574062500003 0
0 0.5962862999999999 0 0.59211805625 0.008868313888888889 0.58586805625 0.008950616666666666 0.585671296875 0.05617283888888888 0.5996643515625 0.07265432222222222 0.6152893515625 0.07244855833333333 0.62944444375 0.05004115277777777 0.6282450984375 0 0.5962862999999999 0
0 0.47582175937500004 0.9214609055555556 0.4445601859375 0.9246502055555555 0.43826388906249997 0.9358436222222223 0.43805555625 0.9858436222222222 0.4880671296875 0.9824074083333334 0.48976851874999994 0.9490534972222223 0.48516203750000003 0.9296707805555556 0.47582175937500004 0.9214609055555556
0 0.6008101859375 0.9225925916666666 0.5898263890625 0.933847736111111 0.5896296296875 0.9810699583333333 0.63179398125 0.9860699583333333 0.6304513890625 0.9333127583333334 0.6180092593750001 0.9195884777777777 0.6008101859375 0.9225925916666666
0 0.5430671296875 0.9066872416666666 0.5149421296875001 0.907057613888889 0.5148611109375001 0.9265020583333334 0.5085763890624999 0.9349176944444445 0.50991898125 0.9876748972222222 0.5630671296875 0.9814197527777777 0.563240740625 0.9397530861111111 0.5430671296875 0.9066872416666666
0 0.7274305562500001 0.9070370361111112 0.7211458328125 0.915452675 0.7178009265624999 0.9682716055555556 0.7271180562499999 0.9820370361111112 0.76930555625 0.9814814805555555 0.7694212968749999 0.9537037027777777 0.7508680562500001 0.9067283944444444 0.7274305562500001 0.9070370361111112
0 0.2726273140625 0.19084362222222223 0.27275462968749997 0.16028806666666667 0.257222221875 0.13827160555555554 0.23534722187499998 0.13855966944444445 0.23064814843749998 0.14139917777777777 0.230509259375 0.1747325111111111 0.2366666671875 0.19687242777777775 0.249097221875 0.2133744861111111 0.26789351875 0.2020164611111111 0.2726273140625 0.19084362222222223
0 0.546608796875 0.8066460916666666 0.5215856484375 0.812530863888889 0.5198263890625 0.859773663888889 0.5337962968750001 0.8818107 0.544733796875 0.8816666666666666 0.5573726859375 0.848168725 0.5574768515625 0.8231687249999999 0.546608796875 0.8066460916666666
0 0.72631338125 0 0.72960648125 0.009835391666666667 0.7248726859375 0.021008230555555556 0.7247106484375 0.059897119444444445 0.7293518515625 0.07094650277777778 0.73711805625 0.08195473333333333 0.75274305625 0.08174897222222222 0.76375 0.06493827222222222 0.7701041671875 0.039855966666666666 0.7702702328125001 0 0.7549747171875001 0 0.75305555625 0.006748972222222222 0.747325565625 0 0.7331816328125 0 0.73118055625 0.007037036111111111 0.727222221875 0 0.72631338125 0
0 0.39468749999999997 0.1447942388888889 0.38226851875 0.12551440277777776 0.36195601875 0.12578189166666667 0.355659721875 0.13697530833333332 0.3554629625 0.18419753055555554 0.37414351875 0.20061728333333334 0.3882291671875 0.19487654444444447 0.3945254625 0.1836831277777778 0.39468749999999997 0.1447942388888889
0 0.3086111109375 0.9292181083333334 0.3023263890625 0.9376337444444445 0.30210648125 0.9904115222222223 0.3443171296875 0.9843004111111111 0.344490740625 0.9426337444444444 0.3367361109375 0.928847736111111 0.3086111109375 0.9292181083333334
0 0.3367476859375 0.1761111111111111 0.335347221875 0.1372427972222222 0.3260300921875 0.12347736666666667 0.3010300921875 0.12380658333333333 0.29631944374999997 0.12942386944444445 0.29618055625 0.16275720277777778 0.303946759375 0.17376543333333333 0.3054166671875 0.19596707777777778 0.3288425921875 0.1984362138888889 0.3367476859375 0.1761111111111111
0 0.24618055625 0.9133744861111112 0.23196759218750002 0.9496707805555555 0.23023148125 0.991358025 0.2708796296875 0.9852674888888889 0.2818981484375 0.9656790111111112 0.2821759265625 0.8990123444444446 0.2571643515625 0.9021193416666667 0.24618055625 0.9133744861111112
0 0.3138888890625 0.787489711111111 0.30288194375 0.8043004111111112 0.30109953749999996 0.8570987666666667 0.30576388906249996 0.8625925916666668 0.3307638890625 0.8622633749999999 0.34493055625 0.8370781888888889 0.3404513890625 0.7871399166666666 0.3138888890625 0.787489711111111
0 0.5176504625 0.25705761388888887 0.51899305625 0.3098148138888889 0.54868055625 0.30942386944444444 0.5535300921874999 0.27047325 0.5457754625 0.2566872416666667 0.5176504625 0.25705761388888887
0 0.7384722218750001 0.13193415555555557 0.7306134265625001 0.14314814722222222 0.7288425921874999 0.19316872499999999 0.7554050921875 0.19281893055555557 0.7664467593750001 0.16767489722222223 0.7681018515625 0.1454321 0.7634722218750001 0.13160493888888888 0.7384722218750001 0.13193415555555557
0 0.69789351875 0.12135802500000001 0.6744791671875 0.11611111111111111 0.6619444437500001 0.12460905277777778 0.655659721875 0.13302469166666667 0.655509259375 0.1691358027777778 0.6710648140625 0.18559670833333333 0.6898263890624999 0.18257201666666667 0.69774305625 0.15746913611111113 0.69789351875 0.12135802500000001
0 0.47909722187500003 0.13534979444444445 0.46666666718750005 0.1188477361111111 0.45104166718750005 0.11905349722222222 0.44319444375000006 0.1274897111111111 0.44298611093750007 0.17748971111111111 0.45540509218749997 0.1967695472222222 0.47103009218749997 0.1965637861111111 0.47888888906249993 0.18534979444444444 0.47909722187500003 0.13534979444444445
0 0.38523148125 0.9143209888888889 0.3710763890625 0.9367283944444444 0.37085648125000004 0.9895061722222221 0.41149305625 0.9861934166666667 0.41177083281250004 0.91952675 0.40712962968750005 0.9084773666666667 0.38523148125 0.9143209888888889
0 0.2381184671875 0 0.2265393515625 0.0025720166666666666 0.22482638906250002 0.03870370277777778 0.24960648124999998 0.09115226388888889 0.274652778125 0.07971193333333333 0.2809953703125 0.05740740833333333 0.2748958328125 0.0213786 0.256061615625 0 0.2381184671875 0
0 0.5121374875 0 0.510891203125 0.004382716666666666 0.5107291671875 0.04327160555555556 0.5262384265625 0.07084362222222222 0.5434143515625001 0.07339506111111112 0.56383101875 0.04812757222222222 0.561322515625 0 0.5121374875 0
0 0.370671296875 0 0.367141203125 0.006275719444444445 0.37312500000000004 0.07008230555555556 0.38400462968750004 0.08382716111111112 0.40590277812500003 0.07798353888888888 0.41695601875 0.05006172777777777 0.41394675937500003 0.022325102777777776 0.40011340625 0 0.370671296875 0
0 0.45142818125 0 0.449953703125 0.005185186111111111 0.4466898140625 0.038559669444444444 0.457453703125 0.08008230555555557 0.4746296296875 0.08263374444444445 0.48876157343750004 0.06578189166666668 0.49358796250000003 0.03238683055555556 0.4845807515625 0 0.45142818125 0
0 0.654490740625 0 0.64835648125 0.01090535 0.6482291671875 0.04146090555555556 0.652847221875 0.058065844444444445 0.674641203125 0.07722222222222222 0.690358796875 0.054794238888888895 0.6947856015625 0 0.654490740625 0
0 0.46809027812500004 0.5271399166666667 0.4509259265625 0.5218107000000001 0.43835648125000004 0.538641975 0.43667824062499994 0.5664403305555555 0.44594907343749995 0.5913168722222223 0.45999999999999996 0.5939094638888889 0.47255787031249996 0.5798559666666666 0.47736111093750005 0.552016461111111 0.46809027812500004 0.5271399166666667
0 0.6231712968750001 0.8056378611111111 0.6091435187500001 0.7974897111111111 0.591875 0.8171604944444444 0.5902199078125 0.8394032916666666 0.5995023140625 0.8615020583333333 0.61508101875 0.8724074083333333 0.6276273140625 0.8611316861111111 0.6293518515625001 0.8222222222222222 0.6231712968750001 0.8056378611111111
0 0.674328703125 0.9021810694444444 0.6601851859375001 0.9218107 0.656909721875 0.9579629638888889 0.664641203125 0.9773045277777778 0.70366898125 0.9851234555555556 0.7007870375 0.9268312750000001 0.6899421296875 0.9047530861111112 0.674328703125 0.9021810694444444