0 0.29822916718750003 0.270452675 0.2874074078125 0.2420987666666667 0.2484375 0.21781893055555557 0.240625 0.21740740833333333 0.2265625 0.23600396944444443 0.2265625 0.27264910000000003 0.2589004625 0.33228395 0.2644370828125 0.3333333333333333 0.281256765625 0.3333333333333333 0.29491898125 0.3147325111111111 0.29822916718750003 0.270452675
0 0.2515625 0.669979425 0.2314583328125 0.7194444444444444 0.23318287031249998 0.7583744861111111 0.23942505937499997 0.775 0.24776783125000001 0.775 0.27999999999999997 0.7457201638888888 0.284375 0.7082436055555555 0.284375 0.7065539888888889 0.2718865734375 0.6732921805555556 0.2515625 0.669979425
0 0.29475694375 0.5770370361111111 0.2951504625 0.5298148138888888 0.28125 0.5098148138888889 0.2546643515625 0.5115432111111111 0.24503472187500003 0.5417283944444444 0.24375 0.5598208666666667 0.24375 0.5682389805555556 0.2552871375 0.6055555555555555 0.2570069453125 0.6055555555555555 0.278946759375 0.598641975 0.29475694375 0.5770370361111111
0 0.3131481484375 0.2611111111111111 0.3179745375 0.2775308638888889 0.3368634265625 0.29320987777777774 0.35087962968749997 0.28691358055555555 0.359375 0.2606460388888889 0.359375 0.25136492777777775 0.35657407343749997 0.21991769444444445 0.325558215625 0.18333333333333332 0.3246894640625 0.18333333333333332 0.31424768593749997 0.20547325 0.3131481484375 0.2611111111111111
0 0.6703125 0.0006790111111111111 0.6375 0.0002469138888888889 0.6248379625 0.01952675 0.61875 0.03011279444444444 0.61875 0.03716624444444445 0.6197800921875001 0.06390946388888889 0.6305787031250001 0.08072016388888889 0.6442437796875 0.08333333333333333 0.6464200124999999 0.08333333333333333 0.660428240625 0.06166666666666666 0.6703125 0.0006790111111111111
0 0.373159721875 0.01724279722222222 0.3640625 0.000452675 0.3296875 0 0.3319328703125 0.05281893055555555 0.3439510140625 0.075 0.35996122656249996 0.075 0.3725115734375 0.05613168611111111 0.373159721875 0.01724279722222222
0 0.707534721875 0.3558641972222222 0.7030324078125 0.3333333333333333 0.684375 0.32098765555555553 0.671875 0.3201646083333333 0.6623379625 0.3389917694444444 0.6609375 0.36059603888888886 0.6609375 0.3674833416666667 0.6739288390625 0.39444444444444443 0.678402775 0.39444444444444443 0.693171296875 0.3910493833333334 0.707534721875 0.3558641972222222
0 0.5556134265625 0.4361111111111111 0.565358796875 0.45771605000000004 0.5779513890625 0.4624485583333333 0.5933449078125 0.44753086388888885 0.5953125 0.41647436944444444 0.5953125 0.4067584666666667 0.59085648125 0.39207818888888885 0.57199643125 0.38055555555555554 0.5697039609375001 0.38055555555555554 0.5566203703125 0.4026748972222222 0.5556134265625 0.4361111111111111
0 0.2671875 0.7978395055555555 0.25171296249999997 0.8333333333333334 0.251840278125 0.8638888888888889 0.2624129140625 0.875 0.263792378125 0.875 0.27997685156249996 0.8677777777777778 0.2908449078125 0.8515432111111112 0.2921875 0.8230167194444444 0.2921875 0.8209003888888888 0.278125 0.7982716055555555 0.2671875 0.7978395055555555
0 0.24739583281250002 0.42777777777777776 0.2570486109375 0.44975308611111114 0.279027778125 0.45751028888888884 0.2882638890625 0.44615226388888884 0.290625 0.4141892472222222 0.290625 0.4091603611111111 0.2844791671875 0.39345678888888885 0.2698939375 0.3861111111111111 0.2681712734375 0.3861111111111111 0.24868055625 0.4055144027777778 0.24739583281250002 0.42777777777777776
0 0.40625 0.12561728333333333 0.40008101875 0.14465020555555558 0.397071759375 0.17222222222222222 0.4078456765625 0.2 0.426612565625 0.2 0.43462962968749996 0.18858024722222225 0.4359375 0.15805145555555555 0.4359375 0.15511266944444443 0.4234490734375 0.12952675 0.40625 0.12561728333333333
0 0.6421875 0.12545267499999999 0.626678240625 0.13893004166666667 0.6254398140624999 0.17777777777777778 0.63180555625 0.191831275 0.6472687578125 0.19722222222222222 0.6495063953125 0.19722222222222222 0.6614004625 0.18150205833333333 0.6640625 0.1355606 0.6640625 0.13423868333333333 0.659375 0.12590535 0.6421875 0.12545267499999999
0 0.18125 0.8328352833333332 0.18125 0.8346803694444445 0.184097221875 0.8553909472222222 0.218472221875 0.8535802472222221 0.22479166718750002 0.8365843611111111 0.22336805625 0.8033333333333333 0.2106766796875 0.7888888888888889 0.2074295984375 0.7888888888888889 0.19370370312500002 0.7993415638888889 0.18125 0.8328352833333332
0 0.19375 0.144547325 0.18625 0.16944444444444445 0.19600694375 0.20012345555555555 0.20849777500000002 0.21666666666666667 0.20955288749999998 0.21666666666666667 0.2242708328125 0.2116049388888889 0.23125 0.18573212777777778 0.23125 0.1814934861111111 0.22673611093749999 0.1588683138888889 0.19375 0.144547325
0 0.20329861093749999 0.989547325 0.2125578703125 0.9953497944444444 0.2159143515625 0.9843209888888889 0.22690972187499997 0.9818312749999999 0.2304398140625 0.9624691361111111 0.2277199078125 0.942942386111111 0.2060763890625 0.9312551444444443 0.209375 0.9230041138888888 0.2046875 0.9228806583333333 0.204108796875 0.9506584361111111 0.1976851859375 0.9588271611111111 0.1949074078125 0.9420781888888888 0.1929976859375 0.9587037027777777 0.1803240734375 0.9667078194444444 0.1796875 0.9755409305555555 0.1796875 0.9972222222222222 0.20169173906250001 0.9972222222222222 0.20329861093749999 0.989547325
0 0.7080208328125 0.16123456666666666 0.7052777781249999 0.19166666666666668 0.717777778125 0.21388888888888888 0.732504178125 0.21388888888888888 0.746875 0.17483255277777776 0.746875 0.15702275000000002 0.7390625 0.14580246944444444 0.7080208328125 0.16123456666666666
0 0.2625 0.9972222222222222 0.3 0.9947530861111111 0.2984375 0.9726337444444444 0.2915207015625 0.9583333333333334 0.274383803125 0.9583333333333334 0.2640625 0.9721193416666667 0.2625 0.9972222222222222