0 0.4484375 0.16458847777777777 0.4546875 0.1758641972222222 0.4671875 0.1623045277777778 0.4671875 0.14563786111111113 0.453125 0.1424897111111111 0.4484375 0.16458847777777777
0 0.27395507812500003 1 0.2796875 0.9879218111111112 0.2796875 0.9684773666666667 0.2640625 0.9569547333333334 0.2625 0.9291358027777777 0.2515625 0.942736625 0.246875 0.9315020583333333 0.2515625 0.9566255138888888 0.2328125 0.9783539083333334 0.2328125 1 0.27395507812500003 1
0 0.271875 0.17938271666666666 0.2640625 0.16251028888888888 0.2375 0.15069958888888887 0.2296875 0.16438271666666668 0.2375 0.20625514444444445 0.2515625 0.22606995833333335 0.2625 0.22358024722222222 0.271875 0.20438271666666666 0.271875 0.17938271666666666
0 0.7027972484375 1 0.7015625 0.9406995888888889 0.66875 0.9398353916666666 0.665625 0.9508641972222222 0.671875 0.9538065833333332 0.671875 1 0.7027972484375 1
0 0.325 0.1502263361111111 0.2984375 0.13563786111111112 0.2921875 0.15213991666666665 0.290625 0.16598765555555556 0.3 0.1995679 0.30625 0.20806584444444445 0.325 0.20855966944444443 0.3359375 0.172736625 0.325 0.1502263361111111
0 0.7515625 0.15034979444444443 0.728125 0.17195473333333333 0.7265625 0.19691358055555558 0.7359375 0.21938271666666667 0.7625 0.22008230555555555 0.771875 0.200884775 0.7640625 0.16734567777777778 0.7515625 0.15034979444444443
0 0.30625 0.8247325111111111 0.30625 0.8802880666666667 0.33125 0.8809465027777778 0.3421875 0.8645679 0.340625 0.8200823055555555 0.315625 0.8055349805555555 0.30625 0.8247325111111111
0 0.3984375 0.1716049388888889 0.3890625 0.16580246944444446 0.3875 0.15187242777777776 0.36875 0.14304526666666667 0.359375 0.1511316861111111 0.359375 0.19835390833333336 0.3703125 0.21808641944444446 0.384375 0.22123456666666666 0.396875 0.19934156388888888 0.3984375 0.1716049388888889
0 0.465625 0.5428189305555555 0.4546875 0.5425308638888889 0.446875 0.5312139916666666 0.4390625 0.5448971194444444 0.4375 0.5865226333333333 0.4421875 0.6005349805555555 0.4640625 0.6122222222222222 0.475 0.5986214 0.478125 0.570925925 0.465625 0.5428189305555555
0 0.6578125 0.07565843611111112 0.6484375 0.08374485555555555 0.6609375 0.08685185277777778 0.66875 0.10927983611111111 0.671875 0.0843621388888889 0.6875 0.06810699722222223 0.6921875 0.018230452777777777 0.65625 0.01728395 0.653125 0.04220164722222222 0.6578125 0.07565843611111112
0 0.765625 0.7034979416666667 0.7625 0.6839711944444444 0.7546875 0.6754321 0.734375 0.6776748972222222 0.734375 0.7276748972222222 0.740625 0.7417283944444445 0.75625 0.7476954722222222 0.778125 0.7343827166666667 0.778125 0.7177160499999999 0.765625 0.7034979416666667
0 0.41870300625 1 0.41875 0.9999176944444444 0.41875 0.9749176944444444 0.40625 0.9634773666666667 0.403125 0.9467283944444445 0.3796875 0.9461111111111111 0.3734375 0.9709465027777778 0.3734375 1 0.41870300625 1
0 0.696875 0.1489094638888889 0.68125 0.1457201638888889 0.6609375 0.16185185277777778 0.6578125 0.18676954722222222 0.6625 0.209115225 0.684375 0.22080246944444445 0.69375 0.20716049444444443 0.7015625 0.17125514444444445 0.696875 0.1489094638888889
0 0.5453125 0.29213991666666667 0.5453125 0.2810288055555556 0.5328125 0.2779218111111111 0.5234375 0.2637860083333333 0.50625 0.2633333333333333 0.509375 0.29952675 0.5171875 0.3330658444444445 0.534375 0.34185185277777774 0.55625 0.3063168722222222 0.5453125 0.29213991666666667
0 0.2625 0.8263580249999999 0.25 0.8038065833333333 0.2375 0.8006995888888888 0.2296875 0.8088271611111111 0.2203125 0.8391358027777778 0.221875 0.869732511111111 0.2328125 0.8755761305555555 0.2546875 0.8678189305555555 0.2625 0.8485802472222221 0.2625 0.8263580249999999
0 0.5453125 0.1476954722222222 0.5328125 0.14458847777777778 0.5203125 0.16370370277777777 0.515625 0.17469135833333332 0.5203125 0.21370370277777778 0.54375 0.22543210000000002 0.553125 0.21179012222222224 0.5578125 0.1785802472222222 0.5453125 0.1476954722222222
0 0.69375 0.8154938277777778 0.671875 0.8204732499999999 0.6703125 0.8593209888888889 0.678125 0.8873045277777777 0.709375 0.89090535 0.7125 0.8687654333333333 0.7015625 0.8268107 0.69375 0.8154938277777778
0 0.390625 0.8158436222222223 0.3796875 0.8155555555555556 0.375 0.8265432111111112 0.371875 0.859794238888889 0.3765625 0.8904732500000001 0.403125 0.8911728388888889 0.4140625 0.8664609055555555 0.4140625 0.8414609055555555 0.390625 0.8158436222222223
0 0.6375 1 0.6375 0.9779012333333333 0.621875 0.9469341555555556 0.6109375 0.9410905361111112 0.59375 0.9600823055555556 0.59375 1 0.6375 1
0 0.3671875 0.06244855833333333 0.375 0.08209876666666667 0.4046875 0.08843621388888888 0.409375 0.07189300277777778 0.41875 0.08047325 0.40625 0.055144033333333335 0.403125 0.030061727777777776 0.3890625 0.01024691388888889 0.375 0.009876544444444444 0.3671875 0.029115225 0.3671875 0.06244855833333333
0 0.6078125 0.8132304527777778 0.59375 0.8211934166666667 0.590625 0.8544444444444446 0.596875 0.8796090527777778 0.6109375 0.8966460916666666 0.6375 0.8862345666666667 0.628125 0.8332098777777778 0.6078125 0.8132304527777778
0 0.3486074625 1 0.35 0.9703292194444444 0.3421875 0.9395679 0.321875 0.9306995888888889 0.3078125 0.9414403305555555 0.3109375 0.9498559666666667 0.3046875 0.966358025 0.30603775781250003 1 0.3486074625 1
0 0.56217780625 1 0.5609375 0.9536625527777777 0.515625 0.9524691361111112 0.50625 0.9688888888888889 0.5085787328125 1 0.56217780625 1
0 0.6328125 0.019444444444444445 0.6015625 0.01584362222222222 0.596875 0.024053497222222223 0.5859375 0.05154321111111111 0.5890625 0.08218106944444445 0.603125 0.10199588611111111 0.6203125 0.09967078055555556 0.6328125 0.05555555555555555 0.6328125 0.019444444444444445
0 0.3015625 0.0857201638888889 0.3234375 0.10018518611111112 0.3390625 0.0811522638888889 0.3421875 0.05623456666666667 0.340625 0.04230452777777778 0.315625 0.008312758333333333 0.29375 0.007736625 0.29375 0.029958847222222224 0.3015625 0.0857201638888889
0 0.5609375 0.9175514416666666 0.559375 0.8480658444444444 0.546875 0.8282921805555555 0.525 0.8249382722222223 0.5109375 0.8467901222222223 0.5171875 0.8441769555555556 0.5140625 0.8524279833333334 0.5265625 0.8972016472222222 0.5421875 0.9198353916666666 0.5609375 0.9175514416666666
0 0.7359375 0.03882716111111111 0.728125 0.05528806666666667 0.73125 0.060925925000000006 0.725 0.06909465000000001 0.728125 0.08584362222222222 0.7328125 0.0831893 0.734375 0.10267489722222223 0.7546875 0.11154321111111111 0.7625 0.10619341666666667 0.765625 0.08127571944444445 0.778125 0.06493827222222222 0.7796875 0.037201647222222224 0.771875 0.020329219444444446 0.7515625 0.01979423888888889 0.746875 0.03633744722222222 0.7359375 0.03882716111111111
0 0.7741353906249999 1 0.775 0.9954115222222222 0.7640625 0.9840123444444444 0.7609375 0.9589300416666666 0.7484375 0.9530452666666667 0.746875 0.9335596694444445 0.725 0.9357613166666667 0.7234375 0.9523868305555556 0.715625 0.9549588472222222 0.715625 0.9799588472222223 0.723435209375 1 0.7741353906249999 1
0 0.49300768906250003 1 0.496875 0.9519753083333333 0.4890625 0.943436213888889 0.46875 0.9484567888888888 0.4671875 0.93452675 0.4546875 0.9369753083333333 0.45 0.9257407416666666 0.4421875 0.944979425 0.4390625 0.9976748972222222 0.4400326234375 1 0.49300768906250003 1
0 0.2234375 0.04199588611111111 0.2375 0.08125514444444444 0.2609375 0.11242798333333334 0.2671875 0.095925925 0.278125 0.09343621388888888 0.278125 0.04065843611111111 0.2640625 0.03751028888888889 0.2625 0.023580247222222222 0.25 0.006584361111111111 0.228125 0.006008230555555555 0.225 0.014259258333333334 0.2234375 0.04199588611111111
0 0.4609375 0.10380658333333334 0.465625 0.10393004166666665 0.4703125 0.08738683055555556 0.48125 0.10156378611111112 0.4859375 0.08779835277777777 0.496875 0.09086419722222223 0.4984375 0.029794238888888887 0.5078125 0.03837448611111111 0.509375 0.08008230555555557 0.5171875 0.07751028888888889 0.5265625 0.08886831388888888 0.5359375 0.08078189166666666 0.54375 0.08932098888888888 0.5484375 0.07277777777777777 0.559375 0.07306584444444444 0.5609375 0.014773663888888889 0.5048828125 0.013297324999999999 0.5046875 0.024403291666666667 0.496875 0.013086419444444443 0.49375 0.029670780555555554 0.4859375 0.029465019444444445 0.484375 0.012757202777777778 0.44375 0.011687241666666666 0.4453125 0.08672839444444444 0.4609375 0.10380658333333334