0 0.296875 0.3039094638888889 0.29375 0.2538683138888889 0.2828125 0.23983539166666665 0.265625 0.236831275 0.246875 0.21991769444444445 0.2421875 0.21985596666666668 0.2265625 0.24187242777777776 0.225 0.26407407499999996 0.2296875 0.2808024694444444 0.259375 0.33397119444444445 0.2859375 0.3315432111111111 0.296875 0.3039094638888889
0 0.2953125 0.5761111111111111 0.2953125 0.5344444444444445 0.2796875 0.5120164611111111 0.271875 0.5119135805555556 0.25625 0.5144855972222222 0.2453125 0.5476748972222222 0.2453125 0.575452675 0.25625 0.6089300416666666 0.2859375 0.5954321 0.2953125 0.5761111111111111
0 0.2796875 0.7481275722222221 0.28125 0.6953703694444445 0.2734375 0.6786008222222223 0.2625 0.6729012333333333 0.253125 0.6727777777777777 0.24375 0.686543211111111 0.23125 0.7280452666666667 0.23125 0.7474897111111111 0.240625 0.778168725 0.2671875 0.7507407416666666 0.2796875 0.7481275722222221
0 0.3578125 0.2324897111111111 0.3265625 0.18763374444444444 0.321875 0.18757201666666667 0.3140625 0.21246913611111112 0.3140625 0.26802469166666665 0.3296875 0.29600823055555553 0.346875 0.29623456666666664 0.3578125 0.27693415555555556 0.3578125 0.2324897111111111
0 0.215681221875 1 0.228125 0.9863374472222222 0.23125 0.9502674888888889 0.215625 0.92228395 0.203125 0.9221193416666666 0.1796875 0.9690329222222223 0.1796875 0.9995884777777778 0.2109375359375 1 0.215681221875 1
0 0.61875 0.058148147222222224 0.6265625 0.08325102777777778 0.653125 0.0863786 0.66875 0.033806583333333334 0.6703125 0.008827161111111112 0.662109375 0.00871913611111111 0.6375 0.008395061111111112 0.625 0.030452675000000002 0.61875 0.058148147222222224
0 0.3453125 0.079547325 0.359375 0.07973251111111111 0.3734375 0.06047325 0.3734375 0.024362138888888888 0.3640625 0.004794238888888889 0.35546875 0.004681069444444444 0.3296875 0.004341563888888889 0.334375 0.062736625 0.3453125 0.079547325
0 0.2921875 0.8482921805555554 0.2921875 0.8232921805555555 0.2796875 0.80090535 0.2671875 0.8007407416666666 0.25625 0.817263375 0.25 0.8449588472222221 0.2515625 0.8699794249999999 0.259375 0.8784156388888889 0.2828125 0.8676131694444444 0.2921875 0.8482921805555554
0 0.70625 0.36207818888888893 0.7 0.3369958861111111 0.68125 0.3284156388888889 0.6796875 0.3283950611111111 0.6671875 0.3393415638888889 0.6625 0.35872428055555555 0.6640625 0.3865226333333333 0.6765625 0.4033539083333333 0.6953125 0.3952674888888889 0.70625 0.36207818888888893
0 0.225 0.8446296305555555 0.2234375 0.8112757194444444 0.209375 0.7916460916666667 0.2046875 0.7915843611111111 0.19375 0.8025514416666667 0.18125 0.8412757194444445 0.184375 0.8579835388888889 0.196875 0.8664814805555555 0.215625 0.8611728388888888 0.225 0.8446296305555555
0 0.6609375 0.18925925833333332 0.665625 0.15876543333333332 0.6609375 0.13370370277777777 0.65234375 0.1335905361111111 0.6359375 0.13615226388888887 0.6265625 0.14991769444444444 0.625 0.18323045277777777 0.63125 0.199979425 0.6484375 0.20576131666666667 0.6609375 0.18925925833333332
0 0.290625 0.43716049444444444 0.2875 0.40378600833333333 0.271875 0.3924691361111111 0.2703125 0.3896707805555556 0.253125 0.4005555555555555 0.246875 0.41436213888888884 0.2484375 0.43660493888888885 0.2640625 0.4618107 0.278125 0.46199588611111114 0.290625 0.43716049444444444
0 0.746875 0.18761316944444445 0.746875 0.16261316944444443 0.740625 0.15419753055555555 0.73125 0.154074075 0.7125 0.16216049444444444 0.70625 0.1759670777777778 0.7046875 0.20372428055555553 0.715625 0.22331275833333336 0.7328125 0.22353909444444445 0.746875 0.18761316944444445
0 0.4359375 0.15851851944444445 0.4234375 0.13335390833333333 0.4140625 0.12767489722222222 0.4109375 0.12763374444444445 0.4 0.14971193333333332 0.3984375 0.18580246944444445 0.4078125 0.20537036944444445 0.425 0.20559670833333332 0.4359375 0.1862962972222222 0.4359375 0.15851851944444445
0 0.2234375 0.15849794166666667 0.2015625 0.14709876666666666 0.19375 0.1469958861111111 0.1859375 0.17189300277777778 0.2015625 0.21098765555555557 0.2171875 0.21674897222222222 0.228125 0.2002263361111111 0.23125 0.1752674888888889 0.2234375 0.15849794166666667
0 0.5921875 0.45502057500000004 0.5921875 0.4161316861111111 0.5828125 0.3993415638888889 0.5734375 0.3992181083333333 0.5640625 0.39909465 0.5546875 0.4239711944444444 0.5546875 0.4406378611111111 0.56875 0.4686008222222222 0.5796875 0.4687448555555555 0.5921875 0.45502057500000004
0 0.2967161515625 1 0.29375 0.9788683138888888 0.2796875 0.9647942388888888 0.2765625 0.9647530861111111 0.2671875 0.970185186111111 0.2641341453125 1 0.2967161515625 1