0 0.7625 0.7416666666666667 0.7609375 0.7055555555555556 0.7390625 0.6833333333333333 0.725 0.6555555555555556 0.703125 0.6555555555555556 0.6890625 0.6833333333333333 0.6875 0.7166666666666667 0.7 0.7444444444444445 0.746875 0.7638888888888888 0.7625 0.7416666666666667
0 0.7890625 0.5805555555555556 0.7828125 0.5472222222222223 0.7421875 0.5138888888888888 0.721875 0.525 0.7125 0.55 0.7125 0.5861111111111111 0.7265625 0.6083333333333333 0.7765625 0.6055555555555555 0.7890625 0.5805555555555556
0 0.603125 0.7527777777777778 0.60625 0.7305555555555555 0.59375 0.7055555555555556 0.590625 0.6611111111111111 0.5609375 0.6583333333333333 0.5484375 0.675 0.5453125 0.6916666666666667 0.546875 0.7333333333333333 0.5640625 0.7583333333333333 0.5921875 0.7694444444444445 0.603125 0.7527777777777778
0 0.45 0.5916666666666667 0.45 0.55 0.4328125 0.5194444444444445 0.409375 0.5222222222222223 0.39375 0.5527777777777778 0.3921875 0.5888888888888889 0.40625 0.6194444444444445 0.434375 0.6194444444444445 0.45 0.5916666666666667
0 0.678125 0.6083333333333333 0.678125 0.5722222222222222 0.653125 0.5388888888888889 0.6328125 0.5416666666666666 0.621875 0.5694444444444444 0.6203125 0.5888888888888889 0.6359375 0.6222222222222222 0.665625 0.625 0.678125 0.6083333333333333
0 0.2859375 0.5916666666666667 0.2953125 0.575 0.29375 0.5222222222222223 0.278125 0.5083333333333333 0.253125 0.5166666666666667 0.2453125 0.5472222222222223 0.253125 0.5972222222222222 0.265625 0.6055555555555555 0.2859375 0.5916666666666667
0 0.3609375 0.7138888888888889 0.3578125 0.6666666666666666 0.35 0.6555555555555556 0.3328125 0.6527777777777778 0.315625 0.675 0.3171875 0.7305555555555555 0.3296875 0.7555555555555555 0.340625 0.7611111111111111 0.3609375 0.7138888888888889
0 0.5125 0.6166666666666667 0.521875 0.5833333333333334 0.5125 0.5388888888888889 0.490625 0.5305555555555556 0.4765625 0.55 0.471875 0.5833333333333334 0.478125 0.6083333333333333 0.5015625 0.6277777777777778 0.5125 0.6166666666666667
0 0.5203125 0.4305555555555556 0.5203125 0.39444444444444443 0.5125 0.37222222222222223 0.4875 0.36666666666666664 0.471875 0.3972222222222222 0.4734375 0.43333333333333335 0.4828125 0.45 0.5 0.45555555555555555 0.5203125 0.4305555555555556
0 0.371875 0.44166666666666665 0.3796875 0.4027777777777778 0.371875 0.375 0.34375 0.35555555555555557 0.3328125 0.39166666666666666 0.33125 0.41944444444444445 0.34375 0.45 0.359375 0.4527777777777778 0.371875 0.44166666666666665
0 0.6375 0 0.621875 0.030555555555555555 0.625 0.07222222222222222 0.634375 0.08333333333333333 0.6515625 0.08333333333333333 0.6609375 0.06666666666666667 0.671875 0 0.6375 0
0 0.215625 0.9972222222222222 0.23125 0.975 0.23125 0.9472222222222222 0.2203125 0.925 0.2046875 0.9194444444444444 0.190625 0.9388888888888889 0.1859375 0.9638888888888889 0.178125 0.9722222222222222 0.18125 0.9972222222222222 0.215625 0.9972222222222222
0 0.5140625 0.30277777777777776 0.515625 0.26666666666666666 0.509375 0.2361111111111111 0.4859375 0.23333333333333334 0.4734375 0.25833333333333336 0.471875 0.28888888888888886 0.48125 0.3111111111111111 0.496875 0.3194444444444444 0.5140625 0.30277777777777776
0 0.33125 0 0.334375 0.058333333333333334 0.34375 0.075 0.365625 0.075 0.3734375 0.06111111111111111 0.3734375 0.016666666666666666 0.3640625 0 0.33125 0
0 0.5140625 0.2 0.521875 0.16111111111111112 0.5125 0.12777777777777777 0.496875 0.125 0.484375 0.14166666666666666 0.4796875 0.16111111111111112 0.4828125 0.19166666666666668 0.496875 0.20555555555555555 0.5140625 0.2
0 0.434375 0.8722222222222222 0.4359375 0.8333333333333334 0.428125 0.8194444444444444 0.4078125 0.8138888888888889 0.396875 0.8333333333333334 0.3953125 0.8611111111111112 0.40625 0.8916666666666667 0.41875 0.8944444444444445 0.434375 0.8722222222222222
0 0.7078125 0.3527777777777778 0.7 0.3277777777777778 0.684375 0.3194444444444444 0.6734375 0.3194444444444444 0.665625 0.33055555555555555 0.6625 0.37222222222222223 0.6765625 0.39444444444444443 0.69375 0.3888888888888889 0.7078125 0.3527777777777778
0 0.29375 0.8555555555555555 0.29375 0.8166666666666667 0.2859375 0.8027777777777778 0.26875 0.8 0.2578125 0.8194444444444444 0.2515625 0.8472222222222222 0.2578125 0.875 0.2703125 0.8777777777777778 0.29375 0.8555555555555555
0 0.365625 0.31666666666666665 0.371875 0.3 0.371875 0.26944444444444443 0.3578125 0.25 0.3390625 0.25 0.334375 0.25833333333333336 0.33125 0.2861111111111111 0.3390625 0.31666666666666665 0.3515625 0.325 0.365625 0.31666666666666665
0 0.659375 0.18611111111111112 0.665625 0.1527777777777778 0.6625 0.125 0.653125 0.11944444444444445 0.6265625 0.1388888888888889 0.625 0.17777777777777778 0.6296875 0.19166666666666668 0.6515625 0.19722222222222222 0.659375 0.18611111111111112
0 0.590625 0.44166666666666665 0.5953125 0.3972222222222222 0.5890625 0.37777777777777777 0.565625 0.375 0.55625 0.39444444444444443 0.5546875 0.4166666666666667 0.5625 0.44166666666666665 0.575 0.45 0.590625 0.44166666666666665
0 0.590625 0.18333333333333332 0.5921875 0.1361111111111111 0.5875 0.11944444444444445 0.571875 0.11666666666666667 0.5546875 0.14444444444444443 0.5546875 0.175 0.5640625 0.19166666666666668 0.58125 0.19444444444444445 0.590625 0.18333333333333332
0 0.4359375 0.18611111111111112 0.4359375 0.15 0.41875 0.12222222222222222 0.4078125 0.125 0.3984375 0.15555555555555556 0.4 0.18888888888888888 0.409375 0.2 0.4265625 0.2 0.4359375 0.18611111111111112
0 0.2875 0.44722222222222224 0.2921875 0.4166666666666667 0.284375 0.39444444444444443 0.265625 0.3888888888888889 0.2484375 0.40555555555555556 0.246875 0.42777777777777776 0.259375 0.4527777777777778 0.278125 0.4583333333333333 0.2875 0.44722222222222224
0 0.35625 0.8611111111111112 0.35625 0.8222222222222222 0.35 0.8138888888888889 0.3296875 0.8111111111111111 0.31875 0.8333333333333334 0.3171875 0.8666666666666667 0.3234375 0.8805555555555555 0.34375 0.8805555555555555 0.35625 0.8611111111111112
0 0.596875 0.5888888888888889 0.5890625 0.5472222222222223 0.56875 0.5444444444444444 0.55625 0.5638888888888889 0.55625 0.5972222222222222 0.56875 0.6166666666666667 0.5890625 0.6111111111111112 0.596875 0.5888888888888889
0 0.7484375 0.15833333333333333 0.7421875 0.14444444444444443 0.7328125 0.14444444444444443 0.7140625 0.1527777777777778 0.70625 0.16666666666666666 0.7078125 0.20555555555555555 0.7296875 0.21666666666666667 0.7390625 0.20277777777777778 0.7484375 0.15833333333333333
0 0.23125 0.18611111111111112 0.23125 0.15 0.215625 0.1361111111111111 0.19375 0.13333333333333333 0.1890625 0.16111111111111112 0.1984375 0.19166666666666668 0.2234375 0.2 0.23125 0.18611111111111112
0 0.4421875 0.46111111111111114 0.4453125 0.4305555555555556 0.4359375 0.41944444444444445 0.434375 0.40555555555555556 0.421875 0.40555555555555556 0.41875 0.3972222222222222 0.40625 0.41388888888888886 0.4046875 0.44722222222222224 0.4109375 0.4638888888888889 0.4296875 0.4722222222222222 0.4421875 0.46111111111111114
0 0.575 0.9388888888888889 0.5578125 0.9388888888888889 0.546875 0.9555555555555556 0.5453125 0.9972222222222222 0.590625 0.9944444444444445 0.5859375 0.9611111111111111 0.575 0.9388888888888889
0 0.3328125 0.9333333333333333 0.31875 0.9611111111111111 0.3171875 0.9972222222222222 0.359375 0.9916666666666667 0.3546875 0.9388888888888889 0.3328125 0.9333333333333333
0 0.2265625 0.8361111111111111 0.225 0.8138888888888889 0.190625 0.8138888888888889 0.184375 0.8305555555555556 0.1828125 0.85 0.1921875 0.8611111111111112 0.21875 0.8555555555555555 0.2265625 0.8361111111111111