0 0.2375 0.7885390944444445 0.225 0.8025925916666666 0.2234375 0.8526131694444444 0.2515625 0.8522427972222223 0.2609375 0.8382304527777779 0.2609375 0.8021193416666667 0.2515625 0.7883539083333334 0.2375 0.7885390944444445
0 0.7703125 0.6620781888888889 0.759375 0.6455555555555555 0.7421875 0.6485596694444444 0.7375 0.6569547333333333 0.7375 0.7069547333333334 0.75 0.7151234555555555 0.7703125 0.7065226333333333 0.775 0.6981275722222222 0.7703125 0.6620781888888889
0 0.3193359390625 0 0.2984375 0.0044032916666666665 0.3 0.07382716111111111 0.334375 0.07337448611111111 0.3421875 0.05104938333333333 0.3421875 0.023271605555555554 0.32752204375 0 0.3193359390625 0
0 0.5421875 0.12063786111111112 0.53125 0.12078189166666667 0.51875 0.13483539166666667 0.5171875 0.18207818888888888 0.5234375 0.19588477499999998 0.5421875 0.19841563888888888 0.5546875 0.18436213888888886 0.553125 0.13438271666666665 0.5421875 0.12063786111111112
0 0.4109375 0.8112551444444445 0.4 0.8002880666666666 0.38125 0.8033127583333333 0.375 0.8117283944444444 0.375 0.8645061722222221 0.38125 0.8727572027777778 0.396875 0.8725514416666666 0.409375 0.8612757194444445 0.4109375 0.8112551444444445
0 0.6796875 0.7910493833333334 0.6734375 0.7994650194444445 0.675 0.8466666666666667 0.6859375 0.8576337444444445 0.7078125 0.8545679 0.7109375 0.8184156388888889 0.7046875 0.7962757194444445 0.6796875 0.7910493833333334
0 0.445140165625 0 0.44375 0.002489711111111111 0.44375 0.06915637777777778 0.471875 0.08545267499999999 0.4921875 0.060185186111111115 0.49375 0.03516460833333333 0.4875 0.0019135805555555556 0.48568359375 0 0.445140165625 0
0 0.59631901875 0 0.5921875 0.008868313888888889 0.5859375 0.008950616666666666 0.5859375 0.05617283888888888 0.6 0.07265432222222222 0.615625 0.07244855833333333 0.6296875 0.05004115277777777 0.628279571875 0 0.59631901875 0
0 0.4796875 0.9214609055555556 0.4484375 0.9246502055555555 0.4421875 0.9358436222222223 0.4421875 0.9858436222222222 0.4921875 0.9824074083333334 0.49375 0.9490534972222223 0.4890625 0.9296707805555556 0.4796875 0.9214609055555556
0 0.6046875 0.9225925916666666 0.59375 0.933847736111111 0.59375 0.9810699583333333 0.6359375 0.9860699583333333 0.634375 0.9333127583333334 0.621875 0.9195884777777777 0.6046875 0.9225925916666666
0 0.546875 0.9066872416666666 0.51875 0.907057613888889 0.51875 0.9265020583333334 0.5125 0.9349176944444445 0.5140625 0.9876748972222222 0.5671875 0.9814197527777777 0.5671875 0.9397530861111111 0.546875 0.9066872416666666
0 0.73125 0.9070370361111112 0.725 0.915452675 0.721875 0.9682716055555556 0.73125 0.9820370361111112 0.7734375 0.9814814805555555 0.7734375 0.9537037027777777 0.7546875 0.9067283944444444 0.73125 0.9070370361111112
0 0.2734375 0.19084362222222223 0.2734375 0.16028806666666667 0.2578125 0.13827160555555554 0.2359375 0.13855966944444445 0.23125 0.14139917777777777 0.23125 0.1747325111111111 0.2375 0.19687242777777775 0.25 0.2133744861111111 0.26875 0.2020164611111111 0.2734375 0.19084362222222223
0 0.55 0.8066460916666666 0.525 0.812530863888889 0.5234375 0.859773663888889 0.5375 0.8818107 0.5484375 0.8816666666666666 0.5609375 0.848168725 0.5609375 0.8231687249999999 0.55 0.8066460916666666
0 0.7263532359375 0 0.7296875 0.009835391666666667 0.725 0.021008230555555556 0.725 0.059897119444444445 0.7296875 0.07094650277777778 0.7375 0.08195473333333333 0.753125 0.08174897222222222 0.7640625 0.06493827222222222 0.7703125 0.039855966666666666 0.7703125 0 0.75501614375 0 0.753125 0.006748972222222222 0.7473665734375 0 0.7332218640625 0 0.73125 0.007037036111111111 0.7272621265625 0 0.7263532359375 0
0 0.3953125 0.1447942388888889 0.3828125 0.12551440277777776 0.3625 0.12578189166666667 0.35625 0.13697530833333332 0.35625 0.18419753055555554 0.375 0.20061728333333334 0.3890625 0.19487654444444447 0.3953125 0.1836831277777778 0.3953125 0.1447942388888889
0 0.3125 0.9292181083333334 0.30625 0.9376337444444445 0.30625 0.9904115222222223 0.3484375 0.9843004111111111 0.3484375 0.9426337444444444 0.340625 0.928847736111111 0.3125 0.9292181083333334
0 0.3375 0.1761111111111111 0.3359375 0.1372427972222222 0.3265625 0.12347736666666667 0.3015625 0.12380658333333333 0.296875 0.12942386944444445 0.296875 0.16275720277777778 0.3046875 0.17376543333333333 0.30625 0.19596707777777778 0.3296875 0.1984362138888889 0.3375 0.1761111111111111
0 0.25 0.9133744861111112 0.2359375 0.9496707805555555 0.234375 0.991358025 0.275 0.9852674888888889 0.2859375 0.9656790111111112 0.2859375 0.8990123444444446 0.2609375 0.9021193416666667 0.25 0.9133744861111112
0 0.3171875 0.787489711111111 0.30625 0.8043004111111112 0.3046875 0.8570987666666667 0.309375 0.8625925916666668 0.334375 0.8622633749999999 0.3484375 0.8370781888888889 0.34375 0.7871399166666666 0.3171875 0.787489711111111
0 0.51875 0.25705761388888887 0.5203125 0.3098148138888889 0.55 0.30942386944444444 0.5546875 0.27047325 0.546875 0.2566872416666667 0.51875 0.25705761388888887
0 0.7390625 0.13193415555555557 0.73125 0.14314814722222222 0.7296875 0.19316872499999999 0.75625 0.19281893055555557 0.7671875 0.16767489722222223 0.76875 0.1454321 0.7640625 0.13160493888888888 0.7390625 0.13193415555555557
0 0.6984375 0.12135802500000001 0.675 0.11611111111111111 0.6625 0.12460905277777778 0.65625 0.13302469166666667 0.65625 0.1691358027777778 0.671875 0.18559670833333333 0.690625 0.18257201666666667 0.6984375 0.15746913611111113 0.6984375 0.12135802500000001
0 0.4796875 0.13534979444444445 0.4671875 0.1188477361111111 0.4515625 0.11905349722222222 0.44375 0.1274897111111111 0.44375 0.17748971111111111 0.45625 0.1967695472222222 0.471875 0.1965637861111111 0.4796875 0.18534979444444444 0.4796875 0.13534979444444445
0 0.3890625 0.9143209888888889 0.375 0.9367283944444444 0.375 0.9895061722222221 0.415625 0.9861934166666667 0.415625 0.91952675 0.4109375 0.9084773666666667 0.3890625 0.9143209888888889
0 0.23813153437499998 0 0.2265625 0.0025720166666666666 0.225 0.03870370277777778 0.25 0.09115226388888889 0.275 0.07971193333333333 0.28125 0.05740740833333333 0.275 0.0213786 0.256075665625 0 0.23813153437499998 0
0 0.512165590625 0 0.5109375 0.004382716666666666 0.5109375 0.04327160555555556 0.5265625 0.07084362222222222 0.54375 0.07339506111111112 0.5640625 0.04812757222222222 0.5613533171875 0 0.512165590625 0
0 0.3706916359375 0 0.3671875 0.006275719444444445 0.3734375 0.07008230555555556 0.384375 0.08382716111111112 0.40625 0.07798353888888888 0.4171875 0.05006172777777777 0.4140625 0.022325102777777776 0.4001353609375 0 0.3706916359375 0
0 0.4514529515625 0 0.45 0.005185186111111111 0.446875 0.038559669444444444 0.4578125 0.08008230555555557 0.475 0.08263374444444445 0.4890625 0.06578189166666668 0.49375 0.03238683055555556 0.4846073421875 0 0.4514529515625 0
0 0.6545266546875 0 0.6484375 0.01090535 0.6484375 0.04146090555555556 0.653125 0.058065844444444445 0.675 0.07722222222222222 0.690625 0.054794238888888895 0.6948237265625 0 0.6545266546875 0
0 0.4703125 0.5271399166666667 0.453125 0.5218107000000001 0.440625 0.538641975 0.4390625 0.5664403305555555 0.4484375 0.5913168722222223 0.4625 0.5939094638888889 0.475 0.5798559666666666 0.4796875 0.552016461111111 0.4703125 0.5271399166666667
0 0.6265625 0.8056378611111111 0.6125 0.7974897111111111 0.5953125 0.8171604944444444 0.59375 0.8394032916666666 0.603125 0.8615020583333333 0.61875 0.8724074083333333 0.63125 0.8611316861111111 0.6328125 0.8222222222222222 0.6265625 0.8056378611111111
0 0.678125 0.9021810694444444 0.6640625 0.9218107 0.6609375 0.9579629638888889 0.66875 0.9773045277777778 0.7078125 0.9851234555555556 0.7046875 0.9268312750000001 0.69375 0.9047530861111112 0.678125 0.9021810694444444