0 0.7484375 0.6358436222222222 0.7375 0.6472427972222222 0.7375 0.6972427972222223 0.75625 0.7050823055555556 0.775 0.6879218111111111 0.7734375 0.6601851861111111 0.7625 0.6382510277777779 0.7484375 0.6358436222222222
0 0.2359375 0.785452675 0.225 0.7996296305555556 0.2234375 0.8496707805555556 0.2515625 0.8489300416666667 0.2609375 0.8347942388888889 0.2609375 0.7986831277777778 0.2515625 0.7850411527777779 0.2359375 0.785452675
0 0.5421875 0.11349794166666667 0.53125 0.11378600833333334 0.51875 0.12800411388888888 0.5171875 0.1752674888888889 0.5234375 0.18899176944444443 0.5421875 0.19127571944444444 0.5546875 0.17705761388888888 0.5515625 0.12436213888888889 0.5421875 0.11349794166666667
0 0.4109375 0.8058436222222222 0.4 0.795020575 0.38125 0.7982921805555555 0.375 0.8067901222222221 0.375 0.8595678999999999 0.38125 0.8677366249999999 0.396875 0.8673251027777777 0.409375 0.8558847749999999 0.4109375 0.8058436222222222
0 0.301508828125 0 0.3 0.06709876666666667 0.3125 0.07510288055555556 0.334375 0.06897119444444445 0.3421875 0.04654321111111111 0.3421875 0.018765433333333335 0.3290483546875 0 0.301508828125 0
0 0.7046875 0.786995886111111 0.6734375 0.7878189305555556 0.671875 0.8323045277777779 0.68125 0.8459465027777778 0.70625 0.8480658444444444 0.7109375 0.836831275 0.7109375 0.811831275 0.7046875 0.786995886111111
0 0.444051803125 0 0.4421875 0.005020575 0.4421875 0.055020575 0.4625 0.07948559722222222 0.4859375 0.06775720277777778 0.49375 0.04255144166666667 0.48707386406250003 0 0.444051803125 0
0 0.5869565203125 0 0.5859375 0.0012345666666666666 0.5859375 0.048456788888888894 0.6 0.06475308611111111 0.621875 0.06139917777777778 0.6296875 0.04174897222222222 0.628568434375 0 0.5869565203125 0
0 0.4796875 0.9151440333333333 0.4484375 0.9187448555555556 0.4421875 0.930020575 0.4421875 0.9800205750000001 0.4921875 0.975925925 0.49375 0.9397736638888888 0.4890625 0.9232304527777777 0.4796875 0.9151440333333333
0 0.3984375 0.14228395 0.384375 0.1204321 0.3640625 0.12096707777777777 0.35625 0.13228395 0.35625 0.1795061722222222 0.375 0.19567901111111113 0.3890625 0.1897530861111111 0.3984375 0.17283950555555555 0.3984375 0.14228395
0 0.725 0 0.725 0.05034979444444444 0.7296875 0.06133744722222222 0.7375 0.07224279722222222 0.7546875 0.07179012222222222 0.7671875 0.04646090555555556 0.769934190625 0 0.725 0
0 0.3375 0.14388888888888887 0.3328125 0.13290123333333334 0.3234375 0.11925925833333333 0.3015625 0.11983539166666667 0.296875 0.12551440277777776 0.296875 0.1588477361111111 0.30625 0.19193415555555554 0.3234375 0.19703703611111112 0.3359375 0.18281893055555554 0.3375 0.14388888888888887
0 0.7640625 0.6437654333333334 0.75 0.6385802472222223 0.7359375 0.6556172833333334 0.7359375 0.6945061722222222 0.7421875 0.7026748972222222 0.7671875 0.7047942388888888 0.778125 0.693395061111111 0.778125 0.6711728388888889 0.7640625 0.6437654333333334
0 0.2625 0.8041975305555557 0.246875 0.7879423861111111 0.23125 0.7994650194444445 0.2203125 0.8275308638888889 0.2203125 0.8497530861111111 0.2265625 0.8579218111111111 0.25625 0.8488065833333334 0.2625 0.8347530861111112 0.2625 0.8041975305555557
0 0.4671875 0.11547324999999999 0.4515625 0.12144033055555556 0.4453125 0.14938271666666667 0.453125 0.18528806666666667 0.4765625 0.18467078055555555 0.4828125 0.16783950555555555 0.48125 0.13732510277777776 0.4671875 0.11547324999999999
0 0.55 0.12718106944444443 0.5328125 0.11374485555555557 0.5171875 0.14193415555555555 0.5171875 0.1724897111111111 0.53125 0.1943415638888889 0.54375 0.19401234444444443 0.5578125 0.1575308638888889 0.55 0.12718106944444443
0 0.403125 0.8004938277777778 0.390625 0.7980452666666666 0.3765625 0.8123045277777777 0.375 0.8623456777777777 0.3796875 0.8705555555555555 0.3953125 0.8701440333333333 0.4125 0.8474691361111111 0.4140625 0.8252057611111111 0.403125 0.8004938277777778
0 0.33125 0.7912757194444444 0.3125 0.7973251027777778 0.30625 0.8169341555555556 0.3046875 0.8558641972222222 0.3109375 0.8640329222222222 0.3328125 0.8606790111111111 0.3421875 0.8465432111111112 0.3421875 0.8048765444444445 0.33125 0.7912757194444444
0 0.29721370468749997 0 0.3 0.06432098888888889 0.3125 0.08065843611111112 0.3359375 0.06615226388888888 0.3421875 0.04654321111111111 0.3375 0.010555555555555556 0.3261612484375 0 0.29721370468749997 0
0 0.68125 0.782057613888889 0.671875 0.7989711944444445 0.675 0.8405555555555556 0.6953125 0.8539094638888888 0.709375 0.8479835388888889 0.7125 0.8229012333333333 0.6984375 0.7816049388888888 0.68125 0.782057613888889
0 0.678125 0.8932510277777779 0.6640625 0.9130658444444445 0.659375 0.9409670777777778 0.665625 0.9630246916666667 0.684375 0.9791975305555556 0.7078125 0.9785802472222221 0.7 0.9037860083333332 0.678125 0.8932510277777779
0 0.44312477968749997 0 0.440625 0.046728394444444446 0.453125 0.07417695555555555 0.4828125 0.07339506111111112 0.496875 0.04524691388888889 0.496875 0.017469136111111113 0.4896506984375 0 0.44312477968749997 0
0 0.5926829265625 0 0.5921875 0.0010699583333333334 0.5875 0.03730452777777778 0.59375 0.059362138888888895 0.6203125 0.06421810833333333 0.63125 0.038930041666666665 0.632344096875 0 0.5926829265625 0
0 0.45625 0.9157613166666667 0.4421875 0.943909463888889 0.4453125 0.9854938277777778 0.490625 0.9843004111111111 0.496875 0.9591358027777778 0.490625 0.9315226333333333 0.471875 0.9125720166666668 0.45625 0.9157613166666667
0 0.328125 0.13302469166666667 0.2984375 0.12825102777777778 0.296875 0.16162551388888888 0.30625 0.19193415555555554 0.3234375 0.19703703611111112 0.3359375 0.18004115277777777 0.3375 0.155 0.328125 0.13302469166666667
0 0.3765625 0.12063786111111112 0.3625 0.12656378611111113 0.3609375 0.18216049444444443 0.375 0.1984567888888889 0.3953125 0.18403292222222223 0.3984375 0.14783950555555556 0.3921875 0.134115225 0.3765625 0.12063786111111112
0 0.7363636359375 0 0.7265625 0.014197530555555556 0.728125 0.05304526666666666 0.7484375 0.07473251111111111 0.7625 0.06325102777777777 0.7786969265625 0 0.7363636359375 0
0 0.271875 0.15950617222222221 0.2484375 0.13512345555555555 0.234375 0.14104938333333333 0.23125 0.1661316861111111 0.2390625 0.19648148055555556 0.25 0.21008230555555557 0.2625 0.20697530833333333 0.271875 0.1900617277777778 0.271875 0.15950617222222221
0 0.51347858125 0 0.5109375 0.022654322222222224 0.5171875 0.05304526666666666 0.53125 0.06378600833333332 0.559375 0.051934155555555556 0.56059145625 0 0.51347858125 0
0 0.6524794328125 0 0.65 0.005102880555555555 0.65 0.041213991666666665 0.6578125 0.05767489722222222 0.684375 0.05975308611111111 0.6915545890625 0 0.6524794328125 0
0 0.621875 0.7891769555555556 0.6078125 0.7895473249999999 0.5953125 0.8037654333333333 0.59375 0.8399176944444444 0.6015625 0.8536008222222222 0.6171875 0.8643004111111111 0.6328125 0.8527777777777777 0.6328125 0.8083333333333333 0.621875 0.7891769555555556
0 0.471875 0.5236831277777778 0.453125 0.5186214 0.440625 0.5328395055555556 0.4390625 0.5689917694444445 0.4453125 0.5799382722222223 0.4546875 0.5880246916666666 0.475 0.5736008222222222 0.4796875 0.5456995888888889 0.471875 0.5236831277777778
0 0.372165140625 0 0.36875 0.02639917777777778 0.3765625 0.07341563888888888 0.403125 0.07549382777777777 0.4125 0.05580246944444445 0.4109375 0.02251028888888889 0.40025390625 0 0.372165140625 0
0 0.227822890625 0 0.225 0.03018518611111111 0.25 0.08508230555555556 0.2640625 0.08471193333333334 0.278125 0.06767489722222222 0.278125 0.02323045277777778 0.26875 0.02347736666666667 0.25534539375 0 0.227822890625 0
0 0.5328125 0.2581893 0.525 0.28895061666666666 0.5328125 0.3193004111111111 0.54375 0.31901234444444443 0.5546875 0.2992798361111111 0.5546875 0.2742798361111111 0.5328125 0.2581893
0 0.734375 0.13899176944444444 0.7359375 0.1861728388888889 0.746875 0.19144033055555557 0.7625 0.17436213888888888 0.765625 0.13539094722222222 0.7609375 0.12440329166666667 0.734375 0.13899176944444444
0 0.384375 0.9259876555555555 0.375 0.9456790111111111 0.3734375 0.9873868305555555 0.415625 0.9862757194444445 0.41875 0.9778600833333333 0.41875 0.94452675 0.409375 0.9281069972222222 0.384375 0.9259876555555555
0 0.69375 0.10672839444444444 0.6609375 0.1270370361111111 0.659375 0.1604115222222222 0.6734375 0.18226337499999998 0.690625 0.17347736666666666 0.7 0.14267489722222224 0.7 0.11489711944444445 0.69375 0.10672839444444444
0 0.246875 0.9240534972222223 0.2328125 0.9633127583333334 0.2328125 0.9910905361111111 0.278125 0.9815637861111111 0.278125 0.9176748972222222 0.25625 0.9099176944444445 0.246875 0.9240534972222223
0 0.3078125 0.9418930027777778 0.30625 0.9891563777777778 0.3484375 0.9824897111111112 0.35 0.949115225 0.3421875 0.9298765444444445 0.3234375 0.9220370361111111 0.3078125 0.9418930027777778
0 0.546875 0.7994855972222222 0.525 0.8139506166666667 0.5234375 0.8528806583333334 0.5375 0.8747325111111112 0.5515625 0.8743621388888889 0.559375 0.8547119333333334 0.559375 0.8158230444444445 0.546875 0.7994855972222222
0 0.515625 0.9364197527777778 0.515625 0.983641975 0.5609375 0.9824485583333333 0.5640625 0.9740329222222223 0.559375 0.9241563777777778 0.5328125 0.9165226333333334 0.515625 0.9364197527777778
0 0.7375 0.8972427972222222 0.7203125 0.9282510277777778 0.7203125 0.9532510277777777 0.73125 0.9724074083333333 0.775 0.9740329222222223 0.7765625 0.9545473250000001 0.7546875 0.9023456777777779 0.7375 0.8972427972222222
0 0.5953125 0.9370987666666666 0.6 0.9814197527777777 0.6390625 0.9776131694444444 0.6375 0.9359876555555555 0.6234375 0.9141358027777777 0.6109375 0.9144650194444444 0.5953125 0.9370987666666666
0 0.6 0.9175308638888888 0.59375 0.9260288055555554 0.59375 0.9732510277777777 0.6359375 0.9776954722222222 0.6359375 0.93047325 0.628125 0.9140123444444445 0.6 0.9175308638888888
0 0.73125 0.8974074083333333 0.725 0.9059053499999999 0.721875 0.9587654333333333 0.73125 0.9724074083333333 0.7734375 0.9712962972222223 0.7734375 0.9435185194444445 0.7546875 0.8967901222222222 0.73125 0.8974074083333333
0 0.5484375 0.9022222222222223 0.5203125 0.9029629638888889 0.5171875 0.9252674888888889 0.5125 0.928168725 0.5140625 0.98090535 0.5671875 0.9739506166666667 0.5671875 0.9322839500000001 0.5484375 0.9022222222222223
0 0.55 0.7994032916666667 0.525 0.8056172833333334 0.5234375 0.8528806583333334 0.5375 0.8747325111111112 0.5484375 0.8744444444444445 0.5609375 0.8407818916666667 0.5609375 0.8157818916666667 0.55 0.7994032916666667
0 0.3140625 0.7833950611111111 0.30625 0.7974897111111111 0.3046875 0.8530864194444444 0.309375 0.8585185194444445 0.334375 0.8578600833333334 0.3484375 0.8324897111111111 0.34375 0.7826131694444445 0.3140625 0.7833950611111111
0 0.3125 0.9251028805555556 0.30625 0.9336008222222222 0.30625 0.9863786 0.3484375 0.9797119333333334 0.3484375 0.9380452666666668 0.340625 0.924362138888889 0.3125 0.9251028805555556
0 0.2703125 0.1956584361111111 0.2734375 0.15668724166666667 0.2546875 0.13495884722222223 0.2359375 0.135452675 0.23125 0.13835390833333333 0.23125 0.17168724166666666 0.2359375 0.17434156388888888 0.2359375 0.185452675 0.2515625 0.21004115277777777 0.2703125 0.1956584361111111
0 0.25 0.9100823055555556 0.2375 0.9409670777777778 0.234375 0.9882716055555556 0.275 0.9816460916666666 0.2859375 0.9591358027777778 0.2859375 0.8952469138888889 0.2609375 0.8986831277777778 0.25 0.9100823055555556
0 0.46875 0.11543210000000001 0.45 0.115925925 0.446875 0.17711934166666665 0.4578125 0.1907201638888889 0.471875 0.19034979444444444 0.484375 0.15946501944444444 0.4796875 0.12903292222222223 0.46875 0.11543210000000001
0 0.6625 0.115884775 0.6625 0.17144033055555555 0.690625 0.17347736666666666 0.6984375 0.14827160555555555 0.6984375 0.11216049444444444 0.675 0.10722222222222223 0.6625 0.115884775
0 0.3984375 0.9033950611111111 0.38125 0.9205144027777777 0.375 0.9317901222222221 0.375 0.9845678999999999 0.4171875 0.9779012333333333 0.4171875 0.9306790111111111 0.4109375 0.9030658444444444 0.3984375 0.9033950611111111
0 0.7375 0.125020575 0.728125 0.13637860000000002 0.728125 0.1836008222222222 0.75625 0.1856378611111111 0.7671875 0.15757201666666668 0.7671875 0.12423868333333334 0.7375 0.125020575
0 0.546875 0.24948559722222222 0.51875 0.2502263361111111 0.51875 0.30578189166666664 0.525 0.31672839444444445 0.55 0.31606995833333335 0.5546875 0.263168725 0.546875 0.24948559722222222
0 0.2274411671875 0 0.2265625 0.002366255555555556 0.2265625 0.038477366666666665 0.240625 0.05477366388888889 0.2484375 0.08512345555555556 0.2640625 0.08748971111111112 0.278125 0.06767489722222222 0.28125 0.028703702777777777 0.2640625 0.0013786 0.2619095453125 0 0.2274411671875 0
0 0.37240304687500003 0 0.36875 0.034732511111111114 0.3765625 0.07341563888888888 0.3875 0.08146090555555555 0.4046875 0.075452675 0.4140625 0.05020576111111111 0.4109375 0.016954733333333333 0.40223817500000003 0 0.37240304687500003 0
0 0.2970510296875 0 0.2984375 0.061584361111111104 0.3125 0.08065843611111112 0.3328125 0.07179012222222222 0.3421875 0.052098766666666664 0.340625 0.016028805555555557 0.3241626171875 0 0.2970510296875 0