0 0.2 0.2535185194444444 0.1818865734375 0.2833333333333333 0.18929398125000002 0.3391358027777778 0.216938396875 0.35555555555555557 0.220355240625 0.35555555555555557 0.23125 0.34048755 0.23125 0.30362588055555556 0.2303240734375 0.2852469138888889 0.2 0.2535185194444444
0 0.40625 0.9228395055555555 0.3907291671875 0.9472222222222222 0.3924978171875 0.9972222222222222 0.43850955625 0.9972222222222222 0.44375 0.9833000444444445 0.44375 0.95449895 0.4343865734375 0.9267283944444445 0.40625 0.9228395055555555
0 0.47800294687499995 0 0.47309027812500004 0.01656378611111111 0.471875 0.033506602777777776 0.471875 0.04918137222222222 0.484375 0.074074075 0.5125 0.07222222222222222 0.5222800921874999 0.05216049444444445 0.520425875 0 0.47800294687499995 0
0 0.4571643515625 0.04028806666666667 0.4546875 0.0013168722222222221 0.40625 0.00004115277777777778 0.4046875 0.028858825 0.4046875 0.043850408333333334 0.4129050921875 0.06969135833333334 0.43298171406249997 0.075 0.4371637703125 0.075 0.45054398124999995 0.06234567777777778 0.4571643515625 0.04028806666666667
0 0.178125 0.96834675 0.178125 0.9781272222222223 0.1790393515625 0.9971810694444444 0.2196643515625 0.9961111111111112 0.2291550921875 0.9819753083333335 0.23253472187500002 0.9513374472222221 0.223391203125 0.9238065833333334 0.2057828625 0.9194444444444444 0.20263535781250003 0.9194444444444444 0.1904861109375 0.9357818916666667 0.178125 0.96834675
0 0.4671875 0.9944127416666666 0.5144212968749999 0.9931687250000001 0.5181481484375 0.9569753083333334 0.507766203125 0.9239300416666667 0.48597564843749996 0.9222222222222223 0.481013396875 0.9222222222222223 0.4671875 0.9438646833333334 0.4671875 0.9944127416666666
0 0.653125 0.5402880666666666 0.6375 0.5394650194444444 0.6266203703125 0.5527777777777778 0.6315625 0.6141358027777778 0.6610059046875 0.6222222222222222 0.6703758484375 0.6222222222222222 0.675 0.6141855555555555 0.675 0.6105740833333333 0.6704050921875 0.5634156388888889 0.653125 0.5402880666666666
0 0.29353009218750004 0.9768518527777779 0.2936921296875 0.9379629638888889 0.2828125 0.9236419750000001 0.2578125 0.9226543222222222 0.24991898125 0.9417901222222222 0.246875 0.9920613027777777 0.246875 0.9972222222222222 0.28022188593749997 0.9972222222222222 0.29353009218750004 0.9768518527777779
0 0.6454050921875 0.9273662555555556 0.6265625 0.9205761305555555 0.6112615734375 0.9389917694444444 0.61039351875 0.9805555555555555 0.6197015546875 0.9972222222222222 0.6546875 0.9972222222222222 0.6546875 0.94912075 0.6454050921875 0.9273662555555556
0 0.2435879625 0.020884775 0.2328125 0.0011522638888888889 0.1890625 0 0.20725694374999998 0.06716049444444444 0.22409980625 0.07222222222222222 0.2282046359375 0.07222222222222222 0.2401851859375 0.054135802777777776 0.2435879625 0.020884775
0 0.33125 0 0.3341550921875 0.052736625 0.3418865734375 0.0720781888888889 0.3574884265625 0.07742798333333334 0.371597221875 0.06613168611111112 0.3764120375 0.03551440277777778 0.3657607640625 0 0.33125 0
0 0.5123611109375 0.5465020583333333 0.4890625 0.5341563777777778 0.474652778125 0.5611934166666667 0.4734375 0.5788178166666667 0.4734375 0.5908424361111112 0.48180555625 0.6143827166666667 0.49261290625000004 0.6222222222222222 0.4968837546875 0.6222222222222222 0.51149305625 0.6159465027777778 0.5123611109375 0.5465020583333333
0 0.5577232859375 0 0.5517013890625 0.016666666666666666 0.5520023140625 0.05277777777777778 0.564641203125 0.06895061666666667 0.5771643515625 0.07123456666666667 0.5910879625 0.05401234444444444 0.5936703156250001 0 0.5577232859375 0
0 0.34375 0.9320370361111112 0.3297453703125 0.934074075 0.319328703125 0.9584979416666667 0.3170138890625 0.9972222222222222 0.3598808828125 0.9972222222222222 0.3640625 0.9835466361111111 0.3640625 0.9752095000000001 0.35804398125 0.9438888888888889 0.34375 0.9320370361111112
0 0.4078125 0.8142181083333333 0.3984953703125 0.8278600833333333 0.395509259375 0.8611111111111112 0.4095545890625 0.8944444444444445 0.41952524375 0.8944444444444445 0.43461805625 0.8732510277777777 0.4359375 0.8366506888888889 0.4359375 0.8342227888888889 0.4297106484375 0.8203497944444444 0.4078125 0.8142181083333333
0 0.29351851875 0.8576954722222223 0.29523148125 0.8216666666666667 0.2828125 0.8015637861111112 0.26875 0.8008230444444444 0.253125 0.8412178361111111 0.253125 0.8643797972222222 0.260390271875 0.8777777777777778 0.2623047 0.8777777777777778 0.2793865734375 0.8736214000000001 0.29351851875 0.8576954722222223
0 0.31631944375 0.8638888888888889 0.329097221875 0.8859465027777778 0.35625 0.8639173138888889 0.35625 0.8241053861111111 0.348472221875 0.8106790111111112 0.3310619984375 0.8083333333333333 0.329586396875 0.8083333333333333 0.31746527812499997 0.8305349805555555 0.31631944375 0.8638888888888889
0 0.5765625 0.9397530861111111 0.55 0.9446090527777777 0.54375 0.9611111111111111 0.54375 0.9972222222222222 0.5904865218750001 0.9972222222222222 0.5859375 0.9566666666666666 0.5765625 0.9397530861111111
0 0.4358449078125 0.14919753055555557 0.421875 0.12623456666666666 0.40625 0.1254115222222222 0.3999074078125 0.14730452777777778 0.3984375 0.173812075 0.3984375 0.17834254444444445 0.40594907343750003 0.19763374444444445 0.4162775953125 0.20277777777777778 0.41971019218750005 0.20277777777777778 0.43410879687500004 0.19078189166666668 0.4358449078125 0.14919753055555557
0 0.2476273140625 0.425 0.2638888890625 0.45514403333333336 0.279571759375 0.45751028888888884 0.2902199078125 0.4433333333333333 0.2921875 0.4243822555555556 0.2921875 0.416357025 0.284490740625 0.39345678888888885 0.26746556250000003 0.3888888888888889 0.2650954234375 0.3888888888888889 0.2502893515625 0.40269547222222224 0.2476273140625 0.425
0 0.484375 0.193316925 0.4921296296875 0.2025308638888889 0.5109375 0.19925925833333333 0.5191550921875 0.1796090527777778 0.5124421296875 0.1270370361111111 0.5005920546875 0.125 0.498167078125 0.125 0.484375 0.14388963055555554 0.484375 0.193316925
0 0.5734375 0.11691358055555556 0.5563425921875 0.1389094638888889 0.5549189812499999 0.17222222222222222 0.5612268515625 0.18619341666666667 0.5704076265625 0.19444444444444445 0.57123664375 0.19444444444444445 0.5862384265625 0.18930041111111112 0.5921875 0.16790958888888888 0.5921875 0.16452632222222222 0.589097221875 0.12545267499999999 0.5734375 0.11691358055555556
0 0.1828125 0.8456571805555555 0.1832638890625 0.85547325 0.2176388890625 0.8536625527777777 0.2257291671875 0.8365843611111111 0.22609953749999998 0.8143621388888889 0.215578703125 0.7899382722222221 0.209412303125 0.7888888888888889 0.20259906875000003 0.7888888888888889 0.1828125 0.829142775 0.1828125 0.8456571805555555
0 0.575 0.5419135805555555 0.5595486109375 0.5555967083333333 0.556875 0.5916666666666667 0.5617361109375001 0.6056172833333333 0.5756270875 0.6166666666666667 0.5763242359375 0.6166666666666667 0.5929861109375001 0.6060288055555555 0.5953125 0.5853838305555555 0.5953125 0.5786334027777778 0.58913194375 0.5476543222222222 0.575 0.5419135805555555
0 0.3330208328125 0.3 0.34247685156249996 0.31919753055555555 0.365902778125 0.31580246944444446 0.371875 0.2995385388888889 0.371875 0.2976251861111111 0.365659721875 0.2574691361111111 0.341296171875 0.25 0.34051179375 0.25 0.3328703703125 0.2638888888888889 0.3330208328125 0.3
0 0.20024305625 0.18267489722222222 0.21590277812499997 0.19018518611111113 0.22679398125 0.17849794166666666 0.23125 0.14560125833333332 0.23125 0.1446944361111111 0.2234490734375 0.125884775 0.191989046875 0.125 0.18905707656249998 0.125 0.1875925921875 0.14722222222222223 0.20024305625 0.18267489722222222
0 0.7436921296875 0.2842798361111111 0.721875 0.28092592499999997 0.7078125 0.2968295416666667 0.7078125 0.3267347277777778 0.7187478875 0.3472222222222222 0.7318517124999999 0.3472222222222222 0.7491898140625 0.3205555555555556 0.7436921296875 0.2842798361111111
0 0.7390625 0.14845678888888889 0.7090856484375 0.1611728388888889 0.7078125 0.17994143333333332 0.7078125 0.19630104444444443 0.7171321453124999 0.21388888888888888 0.7302226078125 0.21388888888888888 0.7480324078125 0.16827160555555556 0.7390625 0.14845678888888889
0 0.6876273140625 0.975 0.697071759375 0.9912962972222222 0.7392824078125 0.9951851861111111 0.740625 0.9775077166666667 0.740625 0.9753907638888889 0.73288194375 0.9593209888888888 0.7110300921875 0.9657407416666667 0.6971169671874999 0.9444444444444444 0.6962905109374999 0.9444444444444444 0.6875231484375 0.95 0.6876273140625 0.975
0 0.420902778125 0.46648148055555555 0.4414004625 0.4551028805555556 0.4434259265625 0.4273045277777778 0.4345388609375 0.4083333333333333 0.4078125 0.4083333333333333 0.4101504625 0.45551440277777777 0.420902778125 0.46648148055555555
0 0.5565972218749999 0.42777777777777776 0.5645254625 0.44135802500000004 0.590625 0.43759428888888885 0.590625 0.3985443888888889 0.5758785546875 0.3861111111111111 0.573593034375 0.3861111111111111 0.55788194375 0.3943827166666667 0.5565972218749999 0.42777777777777776
0 0.6546875 0.12537036944444443 0.6296875 0.14170781944444444 0.6265625 0.16111111111111112 0.6343487828125001 0.19166666666666668 0.6422894343750001 0.19166666666666668 0.6640625 0.14771605000000002 0.6546875 0.12537036944444443