0 0.29562499999999997 0.2960905361111111 0.294259259375 0.24888888888888888 0.281828703125 0.23238683055555556 0.263090278125 0.22985596666666666 0.2475231484375 0.21617283888888889 0.23658564843750002 0.2163168722222222 0.2255671296875 0.23590535 0.22697916718750002 0.27199588611111114 0.25956018593749997 0.3271193416666667 0.2736111109375 0.3297119333333333 0.2861458328125 0.3212139916666667 0.29562499999999997 0.2960905361111111
0 0.2931018515625 0.5266666666666666 0.27756944375 0.5046502055555555 0.26975694375 0.504753086111111 0.2541203703125 0.507736625 0.241446759375 0.5495679 0.2537268515625 0.6021810694444445 0.27563657343750003 0.5935596694444444 0.292928240625 0.5683333333333334 0.2931018515625 0.5266666666666666
0 0.25971064843749997 0.6659876555555556 0.24877314843749998 0.6661316861111112 0.23619212968749997 0.6857407416666667 0.2282291671875 0.7219547333333334 0.23583333281250002 0.7718518527777778 0.276597221875 0.7379835388888889 0.27682870312499996 0.6824279833333333 0.25971064843749997 0.6659876555555556
0 0.3553240734375 0.21753086388888887 0.3242361109375 0.17905349722222222 0.3226736109375 0.179074075 0.31320601875 0.20141975277777777 0.3129629625 0.2597530861111111 0.32847222187499997 0.2873251027777778 0.345659721875 0.28709876666666667 0.3566898140625 0.2647325111111111 0.3553240734375 0.21753086388888887
0 0.2273148140625 0.9413991777777778 0.2180208328125 0.9220781888888889 0.20554398125 0.9166872416666667 0.20399305625 0.9139300416666667 0.1945949078125 0.9196090527777778 0.17408564843750002 0.9670987666666666 0.1739699078125 0.9948765444444444 0.21303240781250002 0.9943621388888889 0.2256018515625 0.9775308638888889 0.2273148140625 0.9413991777777778
0 0.6362867109375 0 0.635891203125 0.002736625 0.6186111109375 0.02518518611111111 0.61851851875 0.04740740833333333 0.62625 0.06674897222222223 0.6512268515625 0.07197530833333333 0.66226851875 0.046831275000000006 0.6690367625 0 0.6362867109375 0
0 0.3299266625 0 0.33259259218750004 0.048395061111111116 0.34500000000000003 0.070452675 0.36062500000000003 0.07024691388888889 0.37320601875000003 0.05063786111111111 0.37335648125 0.014526750000000001 0.3663686734375 0 0.3299266625 0
0 0.22148148124999997 0.8414814805555556 0.22314814843750003 0.8164609055555556 0.2185416671875 0.7970781888888889 0.2123379625 0.7860493833333333 0.2029629625 0.7861728388888889 0.2014120375 0.7834156388888889 0.1888541671875 0.7974691361111111 0.1777893515625 0.8281687249999999 0.179259259375 0.8503703694444444 0.1917129625 0.8613168722222222 0.2136111109375 0.85547325 0.22148148124999997 0.8414814805555556
0 0.698634259375 0.31855966944444447 0.68304398125 0.3104321 0.67366898125 0.31055555555555553 0.6642476859374999 0.3217901222222222 0.659421296875 0.3551851861111111 0.67491898125 0.3855349805555556 0.693703703125 0.3769547333333333 0.70476851875 0.34625514444444444 0.698634259375 0.31855966944444447
0 0.2887731484375 0.8155967083333334 0.276365740625 0.7935390944444445 0.263865740625 0.7937037027777778 0.248090278125 0.830020575 0.24643518593749997 0.852263375 0.252615740625 0.8688477361111111 0.2760763890625 0.8629835388888889 0.2870833328125 0.846172838888889 0.2887731484375 0.8155967083333334
0 0.7382291671875 0.1902674888888889 0.7461458328125 0.16516460833333335 0.7462384265625001 0.14294238611111112 0.7400231484375001 0.13469135833333334 0.7306481484375 0.13481481388888888 0.7118634265625 0.1433950611111111 0.7039699078125 0.16294238611111111 0.7038888890624999 0.18238683055555557 0.7147337968749999 0.20446501944444442 0.727222221875 0.20707818888888888 0.7382291671875 0.1902674888888889
0 0.2305324078125 0.16917695555555554 0.22435185156249998 0.15259259166666667 0.2009606484375 0.14179012222222223 0.1931481484375 0.14189300277777778 0.185266203125 0.15866255277777777 0.188321759375 0.17528806666666666 0.19758101875 0.2029423861111111 0.214722221875 0.2138271611111111 0.2272916671875 0.19699588611111113 0.2305324078125 0.16917695555555554
0 0.665 0.14123456666666667 0.6604166671875 0.11629629722222222 0.6463541671875 0.11648148055555554 0.6243981484375001 0.13621399166666667 0.624259259375 0.169547325 0.6382407406249999 0.18880658333333333 0.6507523140625 0.18586419722222225 0.6601851859375001 0.17185185277777779 0.665 0.14123456666666667
0 0.2873726859375 0.4017489722222222 0.2765046296875 0.38522633611111107 0.2640046296875 0.3853909472222223 0.2451620375 0.40786008333333335 0.24663194375000003 0.4300617277777778 0.263715278125 0.4548353916666667 0.27935185156250003 0.45185185277777773 0.28881944375 0.4295061722222222 0.2873726859375 0.4017489722222222
0 0.43528935156250004 0.14981481388888887 0.41979166718750005 0.11946501944444445 0.40729166718750004 0.11962963055555556 0.3961921296875 0.15866255277777777 0.3976851859375 0.17530864166666668 0.40697916718749994 0.19462963055555554 0.42416666718749996 0.19440329166666667 0.4335995375 0.18039094722222224 0.43528935156250004 0.14981481388888887
0 0.5889351859375 0.39777777777777773 0.57649305625 0.3840534972222222 0.56243055625 0.3842386833333334 0.5529629625 0.4065843611111111 0.55288194375 0.42602880555555556 0.562152778125 0.45090535000000004 0.5730671296875001 0.4563168722222223 0.5903240734375 0.4394238694444444 0.5889351859375 0.39777777777777773