0 0.4828125 0 0.4767245375 0.019444444444444445 0.4738773140625 0.05277777777777778 0.48189814843749995 0.07777777777777778 0.49920138906249995 0.09166666666666666 0.5240856484374999 0.07777777777777778 0.528125 0.0629771 0.528125 0.05254776944444445 0.525 0 0.4828125 0
0 0.7433333328125 0.06327160555555555 0.7451041671875 0.03833333333333334 0.740578703125 0.01870370277777778 0.7234375 0.012469136111111112 0.6890625 0.04964947777777778 0.6890625 0.09270046388888888 0.6976504625 0.105925925 0.7119065124999999 0.1111111111111111 0.716698359375 0.1111111111111111 0.7242129625 0.10697530833333334 0.7433333328125 0.06327160555555555
0 0.4592824078125 0.02518518611111111 0.4546875 0.0027160500000000002 0.40625 0.00016460833333333333 0.403125 0.03697994166666667 0.403125 0.039397713888888894 0.41376157343750003 0.07279835277777778 0.4290100921875 0.07777777777777778 0.4365583359375 0.07777777777777778 0.449722221875 0.06913580277777777 0.4592824078125 0.02518518611111111
0 0.40625 0.9226337444444445 0.3908333328125 0.9472222222222222 0.39125 0.9972222222222222 0.4385148375 0.9972222222222222 0.44375 0.9806431 0.44375 0.9760574444444444 0.4359375 0.9234156388888888 0.40625 0.9226337444444445
0 0.4645023140625 0.975 0.47093749999999995 0.9970576138888889 0.5146875 0.99590535 0.5171875 0.9638652694444444 0.5171875 0.9577163888888889 0.51256944375 0.9292798361111112 0.4863616046875 0.9222222222222223 0.48397385625 0.9222222222222223 0.4673726859375 0.9443621388888889 0.4645023140625 0.975
0 0.671875 0.0018518527777777777 0.6421875 0.0006790111111111111 0.6342013890625 0.008703702777777777 0.625 0.024126986111111113 0.625 0.05629629444444444 0.6251736109375 0.06672839444444444 0.6354580328125 0.08333333333333333 0.6568497484375 0.08333333333333333 0.66741898125 0.06561728333333333 0.671875 0.0018518527777777777
0 0.6875 0.9414073527777779 0.6875 0.9755387111111111 0.6934490734375001 0.9887242805555556 0.7027893515625 0.9968107 0.7387268515625001 0.9958641972222223 0.7388425921875 0.9680864194444445 0.7159547171875 0.9166666666666666 0.7131517421875 0.9166666666666666 0.6952893515625 0.9220164611111111 0.6875 0.9414073527777779
0 0.203125 0.9204321 0.17875000000000002 0.9694444444444444 0.1806554875 0.9972222222222222 0.22094200625 0.9972222222222222 0.2320138890625 0.9826543222222223 0.2328125 0.9688788777777778 0.2328125 0.959048213888889 0.22194444375 0.9267283944444445 0.203125 0.9204321
0 0.24754629687500002 0.9972222222222222 0.280358796875 0.996358025 0.294259259375 0.9765432111111112 0.2953125 0.9491821416666667 0.2953125 0.9424727027777777 0.28913194375 0.923888888888889 0.2687009125 0.9166666666666666 0.26678635625 0.9166666666666666 0.2501851859375 0.9388065833333333 0.24754629687500002 0.9972222222222222
0 0.3296875 0 0.3336921296875 0.052942386111111114 0.3434375 0.07565843611111112 0.3540168328125 0.07777777777777778 0.3637602078125 0.07777777777777778 0.3745023140625 0.06619341666666667 0.375 0.03932616666666667 0.375 0.021165080555555556 0.365625 0.0018930027777777777 0.3296875 0
0 0.190625 0.00004115277777777778 0.18910879687499998 0.011111111111111112 0.20809027812499997 0.06716049444444444 0.227328009375 0.07222222222222222 0.23208884218749998 0.07222222222222222 0.24084490781249998 0.054135802777777776 0.24375 0.02178693611111111 0.24375 0.020739683333333335 0.2328125 0.0011522638888888889 0.190625 0.00004115277777777778
0 0.6533101859375 0.9461728388888889 0.64694444375 0.9320370361111112 0.625 0.9228395055555555 0.6110995375 0.9417283944444444 0.6098148140624999 0.975 0.6192182765625 0.9972222222222222 0.6546875 0.9972222222222222 0.6546875 0.9825190833333333 0.6533101859375 0.9461728388888889
0 0.557700203125 0 0.5501388890625 0.01662551388888889 0.5488078703125 0.044444444444444446 0.5568055562499999 0.06646090555555556 0.5771875 0.07425925833333333 0.591134259375 0.060000000000000005 0.5936989875 0 0.557700203125 0
0 0.2676273140625 0.052839505555555555 0.28319945 0.07222222222222222 0.2839131328125 0.07222222222222222 0.303634259375 0.061646091666666666 0.309375 0.04606684166666667 0.309375 0.0006172833333333333 0.2625 0 0.2676273140625 0.052839505555555555
0 0.35711805625 0.8584362138888889 0.35600694375 0.8222222222222222 0.3375 0.8015432111111112 0.3217013890625 0.8144032916666666 0.3152083328125 0.8334362138888889 0.3140625 0.8472086361111112 0.3140625 0.8576510944444444 0.32073230937499997 0.8777777777777778 0.3251537671875 0.8777777777777778 0.350659721875 0.8746913583333333 0.35711805625 0.8584362138888889
0 0.29328703749999996 0.856111111111111 0.29512731406250003 0.8227983527777778 0.2859143515625 0.8032304527777777 0.2671875 0.8002057611111111 0.2576736109375 0.8167489722222222 0.2515625 0.8552692222222222 0.2515625 0.8595753722222222 0.2586865859375 0.8777777777777778 0.2591229359375 0.8777777777777778 0.2790856484375 0.8725925916666667 0.29328703749999996 0.856111111111111
0 0.39444444375 0.8555555555555555 0.40750000000000003 0.8885596694444444 0.4169675921875 0.8938683138888889 0.4359375 0.8695216972222222 0.4359375 0.8315628444444444 0.428171296875 0.8157613166666667 0.411174496875 0.8138888888888889 0.40763581406249993 0.8138888888888889 0.3957291671875 0.8388477361111111 0.39444444375 0.8555555555555555
0 0.3148611109375 0.9972222222222222 0.3586111109375 0.9966460916666667 0.36163194375 0.9882716055555556 0.3625 0.9708961916666666 0.3625 0.96234995 0.3502005984375 0.9333333333333333 0.32960055312500003 0.9333333333333333 0.31906249999999997 0.9582716055555556 0.3148611109375 0.9972222222222222
0 0.3296875 0.15931262499999999 0.3296875 0.17075683611111112 0.33381944375 0.18308641944444445 0.3431018515625 0.1937037027777778 0.365046296875 0.18421810833333332 0.37152777812500004 0.15611111111111112 0.3670254625 0.13413580277777776 0.3509826015625 0.11666666666666667 0.3478397109375 0.11666666666666667 0.33118055625 0.12491769444444445 0.3296875 0.15931262499999999
0 0.5502546296874999 0.8638271611111111 0.570659721875 0.885246913888889 0.5862268515625 0.8707407416666666 0.5890625 0.8361980611111111 0.5890625 0.8340249611111111 0.582858796875 0.812530863888889 0.5682937109374999 0.8027777777777778 0.5665023984374999 0.8027777777777778 0.54851851875 0.8222222222222222 0.5502546296874999 0.8638271611111111
0 0.697615740625 0.8416666666666667 0.702534721875 0.8553086416666666 0.7278125 0.870658436111111 0.7401736109375 0.8616666666666666 0.740625 0.8502293694444445 0.740625 0.8324262583333333 0.7240945015625 0.7972222222222223 0.7104888468749999 0.7972222222222223 0.6987615734375 0.8165843611111111 0.697615740625 0.8416666666666667
0 0.4813773140625 0.15551440277777778 0.4798958328125 0.175 0.4878125 0.1997942388888889 0.514375 0.19909465 0.5203125 0.15821951944444443 0.5203125 0.15678036111111113 0.5111741640624999 0.125 0.506561471875 0.125 0.4937615734375 0.12740740833333333 0.4813773140625 0.15551440277777778
0 0.25625 0.12518518611111112 0.25179398124999997 0.1361111111111111 0.2623263890625 0.1920370361111111 0.27893282343750003 0.2 0.2820533765625 0.2 0.29375 0.183822975 0.29375 0.14553601666666666 0.28611111093749997 0.13469135833333334 0.25625 0.12518518611111112
0 0.42467592656250003 0.2 0.434097221875 0.18888888888888888 0.43583333281250003 0.14722222222222223 0.4218634265625 0.125 0.4078125 0.12222222222222222 0.3999074078125 0.14444444444444443 0.396875 0.16792114722222223 0.396875 0.1700347222222222 0.4059375 0.19722222222222222 0.42467592656250003 0.2
0 0.5546875 0.17584470277777778 0.5618981484375001 0.1883744861111111 0.5790393515625001 0.1927983527777778 0.590115740625 0.17541152222222223 0.59055555625 0.12263374444444444 0.5859000734375 0.11666666666666667 0.5711216375 0.11666666666666667 0.5546875 0.1413537138888889 0.5546875 0.17584470277777778
0 0.6543981484375 0.19444444444444445 0.6639004625 0.1638888888888889 0.6625 0.125 0.6374884265625 0.12777777777777777 0.6265625 0.14157894722222222 0.6265625 0.18364361666666665 0.6371990734375 0.19722222222222222 0.6543981484375 0.19444444444444445
0 0.70625 0.1635322111111111 0.70625 0.17178370555555555 0.70711805625 0.199979425 0.7240972218749999 0.21641975277777778 0.73194444375 0.21353909444444444 0.7464583328125001 0.17724279722222222 0.7467708328125 0.15224279722222223 0.7394671890625 0.14444444444444443 0.7373304046875 0.14444444444444443 0.71555555625 0.14987654444444445 0.70625 0.1635322111111111
0 0.2311921296875 0.14286008333333333 0.2234375 0.12876543333333335 0.1875 0.12781893055555554 0.1859375 0.14373698333333335 0.1859375 0.14465462777777777 0.19975694375 0.18648148055555552 0.21457001875 0.19166666666666668 0.21763503125 0.19166666666666668 0.22634259218750002 0.1816255138888889 0.2311921296875 0.14286008333333333
0 0.6530324078125 0.8088271611111111 0.6390625 0.7975308638888888 0.6265625 0.7973662555555555 0.6186574078125 0.8083744861111111 0.615625 0.8380430277777778 0.615625 0.8425672472222222 0.6198495375 0.8528395055555555 0.642639815625 0.8694444444444445 0.644459515625 0.8694444444444445 0.652546296875 0.8671604944444444 0.6530324078125 0.8088271611111111
0 0.496875 0.8055555555555556 0.4797106484375 0.8111111111111111 0.47350694375 0.8222222222222222 0.47049768593749997 0.85 0.48152777812499997 0.8722222222222222 0.49872685156249996 0.875 0.5125 0.8558452888888889 0.5125 0.8251451083333333 0.5094791671875 0.8305555555555556 0.496875 0.8055555555555556
0 0.5765625 0.9397119333333332 0.554733796875 0.9419135805555555 0.5456828703125 0.9611111111111111 0.5478447578125001 0.9972222222222222 0.5890625 0.9972222222222222 0.5890625 0.9941411083333334 0.5765625 0.9397119333333332
0 0.1921875 0.8117283944444444 0.183090278125 0.8333333333333334 0.1864618375 0.8555555555555555 0.219035790625 0.8555555555555555 0.225 0.8451131666666667 0.225 0.8248287833333333 0.215625 0.8132716055555556 0.1921875 0.8117283944444444