0 0.496875 0.06388888888888888 0.4984375 0.03333333333333333 0.490625 0.002777777777777778 0.4421875 0 0.4390625 0.05277777777777778 0.4484375 0.08611111111111111 0.4796875 0.09166666666666666 0.496875 0.06388888888888888
0 0.5125 0 0.50625 0.011111111111111112 0.50625 0.03611111111111111 0.528125 0.08333333333333333 0.559375 0.07222222222222222 0.5609375 0.05 0.5703125 0.041666666666666664 0.5609375 0 0.5125 0
0 0.371875 0 0.365625 0.019444444444444445 0.365625 0.044444444444444446 0.38125 0.08888888888888889 0.4046875 0.08888888888888889 0.41875 0.06388888888888888 0.4203125 0.030555555555555555 0.4078125 0 0.371875 0
0 0.7515625 0 0.725 0.044444444444444446 0.728125 0.08055555555555556 0.7484375 0.09722222222222222 0.7640625 0.08333333333333333 0.7796875 0.03888888888888889 0.7796875 0.016666666666666666 0.7734375 0 0.7515625 0
0 0.696875 0.041666666666666664 0.7 0 0.646875 0.002777777777777778 0.6421875 0.03888888888888889 0.65625 0.075 0.684375 0.08333333333333333 0.696875 0.041666666666666664
0 0.278125 0.019444444444444445 0.265625 0.019444444444444445 0.25 0 0.2265625 0.005555555555555556 0.2265625 0.04722222222222222 0.2546875 0.09722222222222222 0.278125 0.08055555555555556 0.278125 0.019444444444444445
0 0.29375 0 0.296875 0.06666666666666667 0.3125 0.09166666666666666 0.334375 0.08333333333333333 0.3421875 0.06388888888888888 0.3421875 0.03611111111111111 0.325 0 0.29375 0
0 0.496875 0.9388888888888889 0.48125 0.925 0.4625 0.925 0.4421875 0.95 0.44375 0.9972222222222222 0.490625 0.9972222222222222 0.496875 0.9805555555555555 0.496875 0.9388888888888889
0 0.6 0 0.5875 0.03333333333333333 0.5859375 0.05277777777777778 0.596875 0.08333333333333333 0.6203125 0.08333333333333333 0.6328125 0.05555555555555555 0.6359375 0 0.6 0
0 0.775 0.9694444444444444 0.746875 0.9194444444444444 0.73125 0.9222222222222223 0.721875 0.9416666666666667 0.71875 0.9666666666666667 0.7296875 0.9972222222222222 0.7765625 0.9916666666666667 0.775 0.9694444444444444
0 0.3390625 0.18888888888888888 0.3421875 0.15555555555555556 0.3234375 0.13055555555555556 0.309375 0.13055555555555556 0.2890625 0.15 0.2890625 0.17777777777777778 0.3109375 0.20833333333333334 0.325 0.20833333333333334 0.3390625 0.18888888888888888
0 0.2796875 0.9472222222222222 0.271875 0.9194444444444444 0.253125 0.9222222222222223 0.2453125 0.9388888888888889 0.23125 0.975 0.23125 0.9944444444444445 0.278125 0.9972222222222222 0.2796875 0.9472222222222222
0 0.6390625 0.175 0.6375 0.14166666666666666 0.621875 0.12222222222222222 0.6015625 0.125 0.59375 0.1388888888888889 0.5921875 0.175 0.6 0.19444444444444445 0.6203125 0.2 0.6390625 0.175
0 0.5671875 0.9583333333333334 0.528125 0.9361111111111111 0.5140625 0.9444444444444444 0.5109375 0.9972222222222222 0.5609375 0.9972222222222222 0.5671875 0.9805555555555555 0.5671875 0.9583333333333334
0 0.7515625 0.20277777777777778 0.7625 0.2 0.7703125 0.16111111111111112 0.7609375 0.14444444444444443 0.7484375 0.125 0.7359375 0.125 0.728125 0.14444444444444443 0.7265625 0.175 0.7375 0.21388888888888888 0.746875 0.21666666666666667 0.7515625 0.20277777777777778
0 0.55 0.8944444444444445 0.5609375 0.8611111111111112 0.559375 0.8194444444444444 0.528125 0.8083333333333333 0.521875 0.825 0.5203125 0.8555555555555555 0.5265625 0.8805555555555555 0.5375 0.8944444444444445 0.55 0.8944444444444445
0 0.696875 0.9222222222222223 0.6765625 0.9194444444444444 0.6625 0.9416666666666667 0.6609375 0.9666666666666667 0.6671875 0.9888888888888889 0.709375 0.9972222222222222 0.696875 0.9222222222222223
0 0.34375 0.9305555555555556 0.3234375 0.9305555555555556 0.30625 0.9472222222222222 0.30625 0.9972222222222222 0.3484375 0.9972222222222222 0.35 0.9472222222222222 0.34375 0.9305555555555556
0 0.3984375 0.19166666666666668 0.4015625 0.17222222222222222 0.3875 0.13333333333333333 0.371875 0.12777777777777777 0.359375 0.14166666666666666 0.3546875 0.15833333333333333 0.36875 0.20833333333333334 0.384375 0.2111111111111111 0.3984375 0.19166666666666668
0 0.2703125 0.8222222222222222 0.2625 0.8 0.2375 0.7972222222222223 0.221875 0.8305555555555556 0.221875 0.8638888888888889 0.234375 0.8666666666666667 0.2640625 0.8555555555555555 0.2703125 0.8222222222222222
0 0.621875 0.9305555555555556 0.60625 0.925 0.5953125 0.9472222222222222 0.596875 0.9972222222222222 0.6390625 0.9972222222222222 0.6375 0.9555555555555556 0.621875 0.9305555555555556
0 0.559375 0.18055555555555555 0.54375 0.12777777777777777 0.53125 0.13055555555555556 0.5171875 0.15555555555555556 0.515625 0.18611111111111112 0.525 0.20833333333333334 0.5453125 0.2111111111111111 0.559375 0.18055555555555555
0 0.4828125 0.8694444444444445 0.48125 0.8027777777777778 0.4609375 0.7972222222222223 0.446875 0.8166666666666667 0.4453125 0.85 0.453125 0.8722222222222222 0.4671875 0.8805555555555555 0.4828125 0.8694444444444445
0 0.48125 0.13333333333333333 0.4546875 0.125 0.44375 0.1527777777777778 0.446875 0.19444444444444445 0.4578125 0.20555555555555555 0.48125 0.19722222222222222 0.48125 0.13333333333333333
0 0.69375 0.19166666666666668 0.7015625 0.15833333333333333 0.696875 0.13055555555555556 0.6828125 0.125 0.6609375 0.14444444444444443 0.6578125 0.18055555555555555 0.6640625 0.19444444444444445 0.684375 0.20277777777777778 0.69375 0.19166666666666668
0 0.41875 0.9527777777777777 0.403125 0.9305555555555556 0.375 0.95 0.3734375 0.9972222222222222 0.4140625 0.9972222222222222 0.41875 0.9888888888888889 0.41875 0.9527777777777777
0 0.2625 0.21944444444444444 0.275 0.18888888888888888 0.271875 0.1638888888888889 0.2484375 0.14444444444444443 0.234375 0.14722222222222223 0.2296875 0.175 0.2390625 0.20555555555555555 0.25 0.21944444444444444 0.2625 0.21944444444444444
0 0.4109375 0.8138888888888889 0.3859375 0.8055555555555556 0.375 0.8194444444444444 0.3796875 0.8833333333333333 0.403125 0.8805555555555555 0.4125 0.8638888888888889 0.4109375 0.8138888888888889
0 0.6328125 0.8694444444444445 0.6296875 0.8138888888888889 0.615625 0.8027777777777778 0.596875 0.8138888888888889 0.59375 0.8555555555555555 0.5984375 0.8666666666666667 0.61875 0.8833333333333333 0.6328125 0.8694444444444445
0 0.715625 0.8722222222222222 0.715625 0.8472222222222222 0.7015625 0.8083333333333333 0.6796875 0.8083333333333333 0.671875 0.8222222222222222 0.6734375 0.8583333333333333 0.684375 0.8722222222222222 0.715625 0.8722222222222222
0 0.340625 0.8027777777777778 0.31875 0.8 0.30625 0.8222222222222222 0.3046875 0.8583333333333333 0.3109375 0.8722222222222222 0.340625 0.8694444444444445 0.340625 0.8027777777777778
0 0.778125 0.8638888888888889 0.778125 0.8361111111111111 0.7609375 0.8 0.7375 0.8166666666666667 0.7375 0.8527777777777777 0.746875 0.8694444444444445 0.771875 0.8722222222222222 0.778125 0.8638888888888889