0 0.2265625 0.27389344444444447 0.2574768515625 0.32969135833333335 0.27618055625000004 0.33197530833333333 0.2937384265625 0.3093004111111111 0.2976041671875 0.2647736638888889 0.2871296296875 0.23728395000000002 0.247893115625 0.21666666666666667 0.24632242343750002 0.21666666666666667 0.2265625 0.23579735833333335 0.2265625 0.27389344444444447
0 0.231875 0.7194444444444444 0.24038194375000002 0.7748971194444445 0.280625 0.7438065833333334 0.284375 0.711784725 0.284375 0.705593025 0.2782638890625 0.6799382722222223 0.252226203125 0.6694444444444444 0.2513953015625 0.6694444444444444 0.23930555625 0.6887860083333334 0.231875 0.7194444444444444
0 0.244409721875 0.5611111111111111 0.25746527812500003 0.604732511111111 0.2869791671875 0.5888888888888889 0.29461805625 0.5744855972222223 0.296875 0.5381961555555556 0.296875 0.5318360138888889 0.28756944375 0.5110082305555556 0.2718981421875 0.5083333333333333 0.2626772046875 0.5083333333333333 0.2517013890625 0.5189300416666667 0.244409721875 0.5611111111111111
0 0.325 0.18347736666666667 0.31416666718749997 0.20833333333333334 0.31599537031249997 0.2722427972222222 0.334613646875 0.29444444444444445 0.33561805312500004 0.29444444444444445 0.3504398140625 0.2893621388888889 0.3578125 0.2735906416666667 0.3578125 0.26233653055555556 0.3564120375 0.2227777777777778 0.325 0.18347736666666667
0 0.6369201328125 0 0.620659721875 0.027695472222222225 0.61944444375 0.05555555555555555 0.6259375 0.07467078055555555 0.6494791671875 0.08176954722222222 0.6631944437499999 0.05325102777777777 0.6699670640625001 0 0.6369201328125 0
0 0.18031250000000001 0.9972222222222222 0.21466435156250002 0.9930864194444445 0.22861111093750003 0.9786419749999999 0.23125 0.95319605 0.23125 0.9500430583333332 0.22350694375 0.9288271611111111 0.2071355609375 0.9222222222222223 0.20418339687499998 0.9222222222222223 0.18008101875 0.9694444444444444 0.18031250000000001 0.9972222222222222
0 0.37465277812500003 0.043971194444444445 0.371759259375 0.016028805555555557 0.3640625 0.0017283944444444446 0.33125 0 0.335428240625 0.061358025000000004 0.34421062812500003 0.075 0.3535077890625 0.075 0.3650231484375 0.07403292222222223 0.37465277812500003 0.043971194444444445
0 0.684375 0.3194444444444444 0.6703240734375 0.32222222222222224 0.6625925921875 0.3416666666666667 0.6627199078125 0.37222222222222223 0.676875 0.39444444444444443 0.6940393515625 0.3888888888888889 0.7078125 0.3531382888888889 0.7078125 0.35213209444444443 0.703171296875 0.33055555555555555 0.684375 0.3194444444444444
0 0.2671875 0.38744855833333336 0.2487615734375 0.40565843611111113 0.24756944375 0.42777777777777776 0.2573148140625 0.4506172833333333 0.2757338671875 0.4583333333333333 0.2823796828125 0.4583333333333333 0.290034721875 0.44722222222222224 0.290625 0.4277423083333334 0.290625 0.4129696944444445 0.2829050921875 0.39403292222222225 0.2671875 0.38744855833333336
0 0.18143518593750002 0.8333333333333334 0.184652778125 0.8555144027777778 0.22059027812499998 0.8550411527777778 0.2265625 0.8279169972222222 0.2265625 0.8260640333333333 0.22350694375 0.805 0.21123527968750003 0.7888888888888889 0.21015407812500003 0.7888888888888889 0.193784721875 0.7970576138888888 0.18143518593750002 0.8333333333333334
0 0.23125 0.18730452777777779 0.2265625 0.15940329166666667 0.2015625 0.14485596666666667 0.1890625 0.15008230555555555 0.1859375 0.16944444444444445 0.196875 0.20306584444444442 0.207368015625 0.21666666666666667 0.21117788124999998 0.21666666666666667 0.221875 0.21483539166666665 0.23125 0.18730452777777779
0 0.43570601875000003 0.1547530861111111 0.4203125 0.1261522638888889 0.4078125 0.1254938277777778 0.3984375 0.15476065277777779 0.3984375 0.18155747777777778 0.406959315625 0.2 0.42668306562499997 0.2 0.43547453750000004 0.1825308638888889 0.43570601875000003 0.1547530861111111
0 0.6254398140624999 0.17777777777777778 0.63180555625 0.19166666666666668 0.6490393515624999 0.19722222222222222 0.6614004625 0.18055555555555555 0.6640625 0.1345338861111111 0.6640625 0.13321168055555554 0.659375 0.125 0.64375 0.125 0.6267013890625 0.14166666666666666 0.6254398140624999 0.17777777777777778
0 0.2515625 0.8641446500000001 0.268125 0.8717695472222222 0.2901851859375 0.8489711944444445 0.2920023140625 0.8183744861111112 0.2812268515625 0.7992181083333334 0.2695873859375 0.7972222222222223 0.267008053125 0.7972222222222223 0.2515625 0.832643225 0.2515625 0.8641446500000001
0 0.5759375 0.4638888888888889 0.5916782406250001 0.45 0.58899305625 0.3972222222222222 0.5640625 0.3888888888888889 0.5561111109375 0.40555555555555556 0.5546875 0.42949398055555554 0.5546875 0.43706269166666667 0.563483796875 0.4583333333333333 0.5759375 0.4638888888888889
0 0.7080208328125 0.16131687222222224 0.7052777781249999 0.19166666666666668 0.7205853375 0.21666666666666667 0.7266666671875 0.21666666666666667 0.73211805625 0.21563786111111113 0.746875 0.17593420277777777 0.746875 0.15813026666666666 0.7390625 0.14670781944444444 0.7080208328125 0.16131687222222224
0 0.29375 0.970185186111111 0.2671875 0.9694855972222223 0.265625 0.9921792027777777 0.265625 0.9972222222222222 0.2964457171875 0.9972222222222222 0.29375 0.970185186111111