0 0.7479861109375 0.7638888888888888 0.762141203125 0.7416666666666667 0.76226851875 0.7111111111111111 0.7234375 0.6555555555555556 0.7015509265625 0.6583333333333333 0.6890625 0.6885528055555555 0.6890625 0.7254602777777778 0.70274305625 0.7472222222222222 0.7479861109375 0.7638888888888888
0 0.7882291671874999 0.5853497944444445 0.78399305625 0.549115225 0.7576388890625 0.5317489722222223 0.75 0.5176543222222223 0.73125 0.5171604944444445 0.7125 0.5492860972222222 0.7125 0.5847162722222222 0.7267311921874999 0.6083333333333333 0.7402592078125 0.6083333333333333 0.7754513890625 0.6072427972222222 0.7882291671874999 0.5853497944444445
0 0.54375 0.7049171805555555 0.54375 0.7193089444444444 0.5470949078125 0.7388888888888889 0.5778356484375 0.7694444444444445 0.5903356484375 0.7694444444444445 0.603159721875 0.75 0.6051388890625 0.725 0.5931944437500001 0.6916666666666667 0.590625 0.6583333333333333 0.5609375 0.6583333333333333 0.5465509265625 0.6777777777777778 0.54375 0.7049171805555555
0 0.39388888906249997 0.5526748972222222 0.3924768515625 0.5888888888888889 0.4066666671875 0.6185185194444445 0.43479166718749995 0.6166666666666667 0.45 0.5884190194444444 0.45 0.5432374055555556 0.43454950468750003 0.5194444444444445 0.41831073906249994 0.5194444444444445 0.4093865734375 0.5210905361111111 0.39388888906249997 0.5526748972222222
0 0.640625 0.5366049388888888 0.6251620375 0.5556378611111111 0.6223379625 0.5916666666666667 0.631921296875 0.6169135805555556 0.6620697718749999 0.625 0.6672375578125 0.625 0.678125 0.6106102694444444 0.678125 0.5732728972222222 0.6547106484375 0.5397530861111112 0.640625 0.5366049388888888
0 0.2453125 0.5636826944444444 0.2453125 0.5681864055555556 0.2570023140625 0.604732511111111 0.277384259375 0.5950617277777778 0.29475694375 0.5717078194444445 0.2920949078125 0.516358025 0.2824171296875 0.5083333333333333 0.27370890000000003 0.5083333333333333 0.25305555625 0.5161522638888889 0.2453125 0.5636826944444444
0 0.47275462968750004 0.5833333333333334 0.48103009218750004 0.6110082305555555 0.5015740734375 0.6246296305555555 0.5139351859375 0.6161316861111111 0.521875 0.5886567527777777 0.521875 0.5727636666666667 0.5207754625 0.5576954722222223 0.5126388890625 0.5383539083333334 0.4928657328125 0.5305555555555556 0.49197921562499997 0.5305555555555556 0.47688657343749996 0.5499382722222222 0.47275462968750004 0.5833333333333334
0 0.3484375 0.3527777777777778 0.340659721875 0.3611111111111111 0.3314236109375 0.39444444444444443 0.3315393515625 0.4222222222222222 0.3457291671875 0.4527777777777778 0.36914351875 0.44722222222222224 0.3796875 0.41467488333333336 0.3796875 0.41245228055555555 0.3735416671875 0.37777777777777777 0.3484375 0.3527777777777778
0 0.4859375 0.3701851861111111 0.471990740625 0.3972222222222222 0.47211805625 0.42777777777777776 0.48784722187499996 0.45360082222222226 0.495666153125 0.45555555555555555 0.5032952921875 0.45555555555555555 0.520578703125 0.435884775 0.521875 0.4056073972222222 0.521875 0.4022544944444445 0.5125115734375 0.3743621388888889 0.4859375 0.3701851861111111
0 0.6796875 0.375020575 0.678125 0.35271605 0.66875 0.3383333333333333 0.6421875 0.3341563777777778 0.6265625 0.3611111111111111 0.6265625 0.39444444444444443 0.6445146265624999 0.4166666666666667 0.6489629453125 0.4166666666666667 0.6625 0.41300411388888886 0.6796875 0.375020575
0 0.2311458328125 0.9465432111111112 0.2218518515625 0.9267283944444445 0.203125 0.9204321 0.1921296296875 0.9338888888888889 0.1904976859375 0.9504938277777778 0.178125 0.9718427722222223 0.178125 0.9760013750000001 0.179359834375 0.9972222222222222 0.2180628015625 0.9972222222222222 0.2294328703125 0.9825925916666667 0.2311458328125 0.9465432111111112
0 0.37336805625 0.017222222222222222 0.3640625 0.0004321 0.33125 0 0.3341550921875 0.05281893055555555 0.343369121875 0.075 0.3655709296875 0.075 0.3731828703125 0.06166666666666666 0.37336805625 0.017222222222222222
0 0.609375 0.9638751722222223 0.609375 0.9765936277777778 0.6178125 0.9969753083333334 0.6521874999999999 0.9960699583333334 0.652847221875 0.9432921805555556 0.6404166671875 0.9380658444444445 0.6391261859374999 0.9222222222222223 0.6383376015625 0.9222222222222223 0.6311458328125 0.9299794250000001 0.6253096140625 0.9222222222222223 0.6247028968749999 0.9222222222222223 0.61069444375 0.9416255138888889 0.609375 0.9638751722222223
0 0.4796875 0.15873891666666665 0.4796875 0.16592142777777777 0.4832175921875 0.19413580277777778 0.49553240781249996 0.20442386944444443 0.5128125 0.197736625 0.5192939812499999 0.1834362138888889 0.5213194437500001 0.15555555555555556 0.512453703125 0.12561728333333333 0.5069553375 0.125 0.496048203125 0.125 0.48409722187500004 0.141358025 0.4796875 0.15873891666666665
0 0.4189699078125 0.8944444444444445 0.43340277812499994 0.8722222222222222 0.435659721875 0.8305555555555556 0.4295949078125 0.8194444444444444 0.4078125 0.8138888888888889 0.3965509265625 0.8333333333333334 0.3953125 0.8503174611111111 0.3953125 0.8634171916666668 0.404953703125 0.8916666666666667 0.4189699078125 0.8944444444444445
0 0.6890625 0.9729923555555555 0.69631944375 0.9856995888888889 0.7071643515625 0.9962345666666668 0.7384143515625 0.9945884777777778 0.7385763890625 0.9751440333333333 0.7309259265625 0.9561111111111111 0.7153703703125001 0.9486008222222222 0.711106028125 0.9194444444444444 0.709252846875 0.9194444444444444 0.6890625 0.9332541694444444 0.6890625 0.9729923555555555
0 0.2949421296875 0.8233744861111111 0.285891203125 0.8036831277777777 0.26875 0.800452675 0.25748842656250004 0.8196090527777777 0.2515625 0.8439848138888889 0.2515625 0.8510223888888889 0.25656249999999997 0.8751646083333333 0.2670368046875 0.8777777777777778 0.26956038437499996 0.8777777777777778 0.2928240734375 0.8566666666666666 0.2949421296875 0.8233744861111111
0 0.7064120375 0.3 0.7082291671875 0.33051440277777777 0.720891203125 0.34962963055555557 0.7349305562499999 0.34648148055555555 0.7515625 0.31325048055555554 0.7515625 0.310985 0.7468981484375 0.282263375 0.723299209375 0.28055555555555556 0.718451471875 0.28055555555555556 0.71100694375 0.2887654333333333 0.7064120375 0.3
0 0.5564351859375 0.5638888888888889 0.5566898140625 0.5944444444444444 0.569375 0.6165020583333334 0.589641203125 0.6106790111111111 0.596875 0.5895057361111111 0.596875 0.5657694277777778 0.5830136640625 0.5416666666666666 0.5809833156249999 0.5416666666666666 0.5672106484375 0.5443004111111112 0.5564351859375 0.5638888888888889
0 0.2918171296875 0.41283950555555554 0.278125 0.3900617277777778 0.2640625 0.38950617222222217 0.2484375 0.40527521666666666 0.2484375 0.4344675333333333 0.26402413281250003 0.4583333333333333 0.2792613625 0.4583333333333333 0.2897916671875 0.44055555555555553 0.2918171296875 0.41283950555555554
0 0.4078703703125 0.1254938277777778 0.39913194375 0.15555555555555556 0.399652778125 0.18055555555555555 0.41066896562500005 0.2 0.429187734375 0.2 0.4359375 0.19004875277777777 0.4359375 0.14843560833333333 0.41875 0.12329218055555556 0.4078703703125 0.1254938277777778
0 0.5546875 0.17632575833333333 0.563125 0.19166666666666668 0.578715278125 0.19444444444444445 0.5898263890625 0.18055555555555555 0.5905208328125 0.125 0.584375 0.11666666666666667 0.571875 0.11666666666666667 0.5546875 0.1438943888888889 0.5546875 0.17632575833333333
0 0.3390625 0.25012345555555554 0.3345138890625 0.25833333333333336 0.3353009265625 0.3055555555555556 0.3463256515625 0.32222222222222224 0.3476763640625 0.32222222222222224 0.36673611093749997 0.31748971111111113 0.371875 0.3057712888888889 0.371875 0.26998574999999997 0.3578125 0.25061728333333333 0.3390625 0.25012345555555554
0 0.665046296875 0.15483539166666666 0.6609375 0.1268107 0.6358796296875 0.12827160555555556 0.6265625 0.14118540833333332 0.6265625 0.18940626666666666 0.6466700484375 0.19722222222222222 0.651007975 0.19722222222222222 0.659722221875 0.18514403333333335 0.665046296875 0.15483539166666666
0 0.2015625 0.1201851861111111 0.18913194375 0.12508230555555555 0.187847221875 0.14722222222222223 0.2023958328125 0.18685185277777777 0.21320261562499998 0.19166666666666668 0.21804633281250002 0.19166666666666668 0.2273263890625 0.18261316944444445 0.23125 0.1465260388888889 0.23125 0.1434737888888889 0.2235416671875 0.12967078055555556 0.2015625 0.1201851861111111
0 0.315625 0.8349281055555555 0.315625 0.8417845083333333 0.3189236109375 0.87771605 0.3344328703125 0.8830658444444445 0.35515046250000004 0.8633539083333334 0.35578703749999996 0.8327983527777778 0.348321759375 0.8162345666666667 0.331909140625 0.8111111111111111 0.3310853828125 0.8111111111111111 0.3200231484375 0.8249382722222223 0.315625 0.8349281055555555
0 0.20040509218749997 0.8611111111111112 0.222465278125 0.85 0.22614583281249998 0.8166666666666667 0.215578703125 0.7944444444444444 0.203125 0.7916666666666666 0.1886921296875 0.8138888888888889 0.1828125 0.8312793444444444 0.1828125 0.8389355694444444 0.1848726859375 0.8555555555555555 0.20040509218749997 0.8611111111111112
0 0.7480902781250001 0.17395061666666667 0.7421875 0.14592592499999998 0.7076041671875 0.16123456666666666 0.7046875 0.1885838777777778 0.7046875 0.1953745611111111 0.7189949328125 0.21666666666666667 0.7227974828125 0.21666666666666667 0.73194444375 0.21500000000000002 0.7480902781250001 0.17395061666666667
0 0.434375 0.40711934166666663 0.4063888890625 0.4139711944444444 0.4053356484375 0.4444444444444444 0.411909721875 0.4642181083333333 0.42812998125 0.4722222222222222 0.4321838765625 0.4722222222222222 0.4446296296875 0.46039094722222224 0.4453125 0.44319060833333335 0.4453125 0.43218968611111114 0.43616898125 0.4210905361111111 0.434375 0.40711934166666663
0 0.5640625 0.38067901111111113 0.556365740625 0.39446501944444445 0.5550115734375 0.41944444444444445 0.5629724031250001 0.44166666666666665 0.5912030546875 0.44166666666666665 0.5953125 0.41339769444444446 0.5953125 0.4106219 0.5907175921875 0.39213991666666664 0.5640625 0.38067901111111113
0 0.3179861109375 0.9972222222222222 0.3423611109375 0.9969012333333332 0.34750000000000003 0.9829423861111112 0.35048611093750004 0.996794238888889 0.3578125 0.9966977583333333 0.3578125 0.9823754833333334 0.356597221875 0.9605967083333333 0.34409722187499997 0.9607613166666666 0.34239583281249997 0.9496707805555555 0.35322916718749997 0.9411934166666667 0.348472221875 0.9356995888888889 0.33406527656249996 0.9333333333333333 0.33271284687499997 0.9333333333333333 0.320625 0.9582921805555555 0.3179861109375 0.9972222222222222
0 0.547847221875 0.9972222222222222 0.571284721875 0.9966049388888889 0.5772569437499999 0.979773663888889 0.579097221875 0.9963991777777779 0.5875 0.9936747027777778 0.5875 0.99179945 0.5787731484374999 0.9769547333333334 0.57679398125 0.9519958861111112 0.5627314812499999 0.9523662555555555 0.5594550359375 0.9388888888888889 0.5591722781249999 0.9388888888888889 0.5471990734375 0.9583333333333334 0.547847221875 0.9972222222222222