0 0.4421875 0 0.4390625 0.05277777777777778 0.446875 0.08333333333333333 0.48125 0.09166666666666666 0.4984375 0.05555555555555555 0.490625 0.008333333333333333 0.4421875 0
0 0.7515625 0 0.728125 0.030555555555555555 0.728125 0.08333333333333333 0.746875 0.09722222222222222 0.7640625 0.08333333333333333 0.7796875 0.041666666666666664 0.7796875 0.013888888888888888 0.7734375 0 0.7515625 0
0 0.25 0 0.2265625 0.005555555555555556 0.225 0.03888888888888889 0.25 0.09166666666666666 0.259375 0.09722222222222222 0.278125 0.07222222222222222 0.278125 0.030555555555555555 0.25 0
0 0.296875 0 0.303125 0.08333333333333333 0.325 0.09166666666666666 0.3421875 0.06944444444444445 0.3421875 0 0.296875 0
0 0.4484375 0.9277777777777778 0.44375 0.9388888888888889 0.44375 0.9972222222222222 0.4921875 0.9972222222222222 0.4984375 0.9805555555555555 0.496875 0.9527777777777777 0.48125 0.925 0.4484375 0.9277777777777778
0 0.5140625 0.005555555555555556 0.5109375 0.03611111111111111 0.528125 0.08333333333333333 0.54375 0.08611111111111111 0.5609375 0.058333333333333334 0.5609375 0 0.5140625 0.005555555555555556
0 0.6015625 0 0.5875 0.03333333333333333 0.5953125 0.08055555555555556 0.6203125 0.08333333333333333 0.6328125 0.05277777777777778 0.6328125 0 0.6015625 0
0 0.509375 0.9972222222222222 0.5609375 0.9972222222222222 0.559375 0.9444444444444444 0.5296875 0.9305555555555556 0.5109375 0.9416666666666667 0.509375 0.9972222222222222
0 0.6484375 0.016666666666666666 0.6578125 0.075 0.6828125 0.08333333333333333 0.6921875 0.05555555555555555 0.69375 0.002777777777777778 0.65625 0 0.6484375 0.016666666666666666
0 0.5953125 0.8138888888888889 0.5953125 0.8611111111111112 0.621875 0.8888888888888888 0.6375 0.8555555555555555 0.6296875 0.8083333333333333 0.60625 0.7972222222222223 0.5953125 0.8138888888888889
0 0.5375 0.8111111111111111 0.5234375 0.825 0.5203125 0.8555555555555555 0.528125 0.8861111111111111 0.553125 0.8916666666666667 0.5609375 0.8638888888888889 0.559375 0.8138888888888889 0.5375 0.8111111111111111
0 0.54375 0.2638888888888889 0.528125 0.25833333333333336 0.51875 0.28055555555555556 0.5171875 0.3138888888888889 0.5328125 0.3416666666666667 0.54375 0.3416666666666667 0.559375 0.3111111111111111 0.559375 0.2833333333333333 0.54375 0.2638888888888889
0 0.3078125 0.9472222222222222 0.30625 0.9972222222222222 0.35 0.9944444444444445 0.35 0.9583333333333334 0.340625 0.9333333333333333 0.321875 0.9277777777777778 0.3078125 0.9472222222222222
0 0.54375 0.13055555555555556 0.5296875 0.13333333333333333 0.5171875 0.15555555555555556 0.515625 0.18611111111111112 0.525 0.20833333333333334 0.540625 0.2111111111111111 0.5546875 0.19444444444444445 0.559375 0.17222222222222222 0.54375 0.13055555555555556
0 0.375 0.9416666666666667 0.371875 0.9972222222222222 0.4171875 0.9944444444444445 0.41875 0.9666666666666667 0.403125 0.9361111111111111 0.3875 0.9277777777777778 0.375 0.9416666666666667
0 0.5984375 0.9972222222222222 0.6375 0.9972222222222222 0.6375 0.9527777777777777 0.621875 0.925 0.5953125 0.9472222222222222 0.5984375 0.9972222222222222
0 0.3625 0.2 0.3890625 0.2 0.4046875 0.18333333333333332 0.403125 0.1388888888888889 0.359375 0.14166666666666666 0.3625 0.2
0 0.6984375 0.13055555555555556 0.684375 0.125 0.6640625 0.1388888888888889 0.6578125 0.15555555555555556 0.6625 0.19166666666666668 0.6765625 0.20277777777777778 0.690625 0.19444444444444445 0.7015625 0.15555555555555556 0.6984375 0.13055555555555556
0 0.70625 0.9972222222222222 0.7078125 0.9472222222222222 0.665625 0.9194444444444444 0.665625 0.9861111111111112 0.70625 0.9972222222222222
0 0.2328125 0.9694444444444444 0.2359375 0.9944444444444445 0.2796875 0.9972222222222222 0.278125 0.9527777777777777 0.2515625 0.925 0.2328125 0.9694444444444444
0 0.728125 0.9916666666666667 0.771875 0.9972222222222222 0.771875 0.9666666666666667 0.73125 0.9222222222222223 0.7234375 0.95 0.728125 0.9916666666666667
0 0.3765625 0.8166666666666667 0.3765625 0.8777777777777778 0.403125 0.8805555555555555 0.4140625 0.8555555555555555 0.4109375 0.8194444444444444 0.396875 0.8055555555555556 0.3765625 0.8166666666666667
0 0.440625 0.5388888888888889 0.4390625 0.5833333333333334 0.465625 0.6 0.478125 0.5583333333333333 0.465625 0.5166666666666667 0.4484375 0.5222222222222223 0.440625 0.5388888888888889
0 0.6734375 0.8083333333333333 0.6703125 0.8416666666666667 0.678125 0.8666666666666667 0.7109375 0.8666666666666667 0.7140625 0.8472222222222222 0.7 0.8 0.6734375 0.8083333333333333
0 0.30625 0.8694444444444445 0.340625 0.8694444444444445 0.340625 0.8027777777777778 0.3171875 0.8 0.30625 0.8305555555555556 0.30625 0.8694444444444445
0 0.2453125 0.14166666666666666 0.23125 0.15555555555555556 0.246875 0.21666666666666667 0.2609375 0.21944444444444444 0.271875 0.2 0.2734375 0.175 0.2625 0.1527777777777778 0.2453125 0.14166666666666666
0 0.2296875 0.8055555555555556 0.2203125 0.8333333333333334 0.2234375 0.8666666666666667 0.2625 0.8472222222222222 0.2578125 0.8 0.2390625 0.7944444444444444 0.2296875 0.8055555555555556
0 0.4484375 0.14166666666666666 0.4453125 0.16944444444444445 0.4546875 0.2 0.4828125 0.18333333333333332 0.48125 0.14166666666666666 0.4671875 0.125 0.4484375 0.14166666666666666
0 0.7453125 0.6638888888888889 0.7359375 0.675 0.734375 0.7083333333333334 0.7421875 0.725 0.778125 0.7138888888888889 0.778125 0.6944444444444444 0.7625 0.6694444444444444 0.7453125 0.6638888888888889
0 0.728125 0.15833333333333333 0.728125 0.19166666666666668 0.740625 0.21388888888888888 0.7625 0.19722222222222222 0.7625 0.14444444444444443 0.740625 0.14444444444444443 0.728125 0.15833333333333333
0 0.3671875 0.005555555555555556 0.3671875 0.03611111111111111 0.3765625 0.058333333333333334 0.3875 0.06111111111111111 0.4046875 0.041666666666666664 0.4046875 0 0.3671875 0.005555555555555556
0 0.325 0.2 0.325 0.15555555555555556 0.2984375 0.1388888888888889 0.2984375 0.19722222222222222 0.325 0.2