0 0.4421875 0.005823044444444445 0.4388425921875 0.05855966944444445 0.446527778125 0.08921810833333334 0.48086805625 0.09800411388888888 0.49820601875000003 0.06211934166666667 0.490590278125 0.014794238888888889 0.4421875 0.005823044444444445
0 0.727777778125 0.09292181111111111 0.7464699078125 0.10705761388888888 0.7637152781250001 0.09339506111111111 0.7795138890625 0.051934155555555556 0.7796296296875 0.02415637777777778 0.7734375 0.01018518611111111 0.7515625 0.009897119444444444 0.7279976859375 0.040144033333333336 0.727777778125 0.09292181111111111
0 0.25 0.0032921805555555556 0.2265393515625 0.008539094444444444 0.22483796250000002 0.04185185277777778 0.24961805625000003 0.09495884722222221 0.2589699078125 0.10063786111111112 0.27782407343750004 0.075884775 0.2779976859375 0.03421810833333334 0.25 0.0032921805555555556
0 0.32461805625 0.09594650277777778 0.3418981484375 0.07395061666666666 0.3421875 0.0045061722222222225 0.296875 0.003909463888888889 0.302777778125 0.08732510277777777 0.32461805625 0.09594650277777778
0 0.4894436984375 1 0.49435185156249994 0.9871193416666666 0.49290509218749995 0.9593209888888888 0.47739583281250003 0.9313374472222222 0.44457175937500004 0.9336831277777777 0.43983796249999996 0.9447325111111111 0.43960768281249996 1 0.4894436984375 1
0 0.5140393515625 0.012325102777777779 0.5107870375 0.04283950555555555 0.527777778125 0.09028806666666667 0.543391203125 0.09327160555555557 0.56069444375 0.06572016388888889 0.5609375 0.007386830555555556 0.5140393515625 0.012325102777777779
0 0.5949768515625 0.08839506111111112 0.619965278125 0.09150205833333334 0.6325925921875 0.06111111111111111 0.6328125 0.008333333333333333 0.6015625 0.00792181111111111 0.5873611109375 0.04106995833333334 0.5949768515625 0.08839506111111112
0 0.55666520625 1 0.5554398140625 0.9518107 0.5258101859375001 0.937530863888889 0.5070138890625 0.948395061111111 0.5053468624999999 1 0.55666520625 1
0 0.64836805625 0.02520576111111111 0.6575 0.08366255277777777 0.682465278125 0.09232510277777778 0.69195601875 0.06467078055555556 0.6937384265625 0.011913580555555556 0.65625 0.008641975 0.64836805625 0.02520576111111111
0 0.5919212968750001 0.8217283944444445 0.5917245375 0.8689506166666667 0.618171296875 0.8970781888888889 0.6339351859375 0.8639506166666666 0.62631944375 0.8166255138888889 0.6029282406250001 0.8052057611111111 0.5919212968750001 0.8217283944444445
0 0.5341203703125 0.8181893000000001 0.52 0.8318930027777777 0.5167476859375 0.8624074083333333 0.5244328703125001 0.8930658444444445 0.549409721875 0.8989506166666668 0.5573379625 0.8712757194444445 0.555983796875 0.8212551444444445 0.5341203703125 0.8181893000000001
0 0.5426504624999999 0.27104938333333334 0.5270486109375 0.26528806666666666 0.51758101875 0.2873868305555556 0.5158796296875 0.3206995888888889 0.5313888890625 0.34868312777777777 0.5423263890625 0.3488271611111111 0.558078703125 0.3184773666666667 0.5581944437499999 0.2906995888888889 0.5426504624999999 0.27104938333333334
0 0.32704309062500003 1 0.34585648125 0.9990534972222223 0.34600694375 0.9629423861111112 0.3367361109375 0.9378189305555557 0.318009259375 0.9320164611111111 0.303865740625 0.9512757194444443 0.3021393796875 1 0.32704309062500003 1
0 0.5432060187500001 0.13771605 0.5291319437500001 0.14030864166666668 0.5165393515625001 0.16236625555555556 0.5148495375000001 0.19290123333333334 0.5241319437499999 0.2152469138888889 0.5397453703124999 0.21823045277777778 0.5538773140625 0.20174897222222224 0.5586574078125001 0.17958847777777778 0.5432060187500001 0.13771605
0 0.41176123750000004 1 0.41304398124999997 0.9999382722222222 0.41472222187499996 0.9721810694444445 0.3992245375 0.9414197527777778 0.383634259375 0.9328806583333333 0.3710763890625 0.946604938888889 0.367848046875 1 0.41176123750000004 1
0 0.6333683125 1 0.6335300921875 0.9611728388888889 0.6180208328125001 0.9331893 0.5913657406249999 0.9550617277777778 0.593984984375 1 0.6333683125 1
0 0.3616666671875 0.2047736638888889 0.3882291671875 0.20512345555555556 0.40392361093750007 0.1886625527777778 0.40254629687500004 0.14419753055555556 0.358784721875 0.14639917777777778 0.3616666671875 0.2047736638888889
0 0.69789351875 0.1397530861111111 0.6838541671875 0.13401234444444446 0.663483796875 0.14763374444444444 0.6571643515625001 0.16421810833333333 0.6617013890625 0.20039094722222223 0.6757175921874999 0.21168724166666666 0.6898148140625 0.20353909444444443 0.7009143515625 0.1647942388888889 0.69789351875 0.1397530861111111
0 0.7023260125 1 0.703865740625 0.9565432111111111 0.66179398125 0.9282098777777777 0.6615162031249999 0.9948765444444444 0.6793679640625 1 0.7023260125 1
0 0.2755043640625 1 0.2741550921875 0.9564403305555556 0.2477083328125 0.9283127583333333 0.22877314843750002 0.9725102888888889 0.23179398125 0.9975514416666666 0.263725709375 1 0.2755043640625 1
0 0.7677506859375 1 0.767847221875 0.9768312750000001 0.7274074078125 0.9318518527777777 0.7194791671874999 0.95952675 0.7238572828125001 1 0.7677506859375 1
0 0.373159721875 0.8216255138888889 0.3729050921875 0.882736625 0.39945601875 0.8858641972222222 0.4104976859375 0.8610082305555555 0.40752314843750004 0.8248559666666667 0.39351851875 0.8107818916666667 0.373159721875 0.8216255138888889
0 0.43837962968750005 0.5446913583333333 0.43663194375 0.589115225 0.46312499999999995 0.6061316861111111 0.47579861093750003 0.5646296305555556 0.46347222187500003 0.5227983527777778 0.44626157343750006 0.5281275722222222 0.43837962968750005 0.5446913583333333
0 0.67006944375 0.8172016472222222 0.66680555625 0.8504938277777777 0.6745138890625 0.8755967083333333 0.7073263890625 0.8760288055555555 0.7105324078125 0.8566255138888889 0.6966666671875 0.8092181083333333 0.67006944375 0.8172016472222222
0 0.3026273140625 0.8734773666666666 0.3370023140625 0.8739300416666668 0.3372800921875 0.807263375 0.31385416718750003 0.8041769555555557 0.30278935156250003 0.8345884777777777 0.3026273140625 0.8734773666666666
0 0.24472222187499998 0.14489711944444444 0.2306018515625 0.15860082222222222 0.245972221875 0.21991769444444445 0.2600231484375 0.22288065833333334 0.2710416671875 0.2035802472222222 0.2727083328125 0.1786008222222222 0.2618634265625 0.15623456666666666 0.24472222187499998 0.14489711944444444
0 0.22633101875 0.8085802472222222 0.216840278125 0.8362345666666666 0.2198263890625 0.8696090527777778 0.2589699078125 0.8506790111111111 0.2544791671875 0.803395061111111 0.23575231406250002 0.7975925916666666 0.22633101875 0.8085802472222222
0 0.44784722187500003 0.14757201666666667 0.44460648125 0.17530864166666668 0.45385416718749994 0.20598765555555557 0.48204861093750007 0.18969135833333334 0.48065972187500006 0.1480041138888889 0.46666666718750005 0.1311522638888889 0.44784722187500003 0.14757201666666667
0 0.742546296875 0.6737037027777778 0.733125 0.6846913583333334 0.7314236109375 0.7180041138888889 0.7391666671875 0.734773663888889 0.7751504625 0.7241358027777778 0.77523148125 0.7046913583333333 0.7597106484375 0.6794855972222222 0.742546296875 0.6737037027777778
0 0.7274652781250001 0.16792181111111112 0.7273263890624999 0.20125514444444445 0.739733796875 0.223641975 0.761678240625 0.20726337499999997 0.7618981484375 0.15448559722222222 0.7400231484375001 0.15419753055555555 0.7274652781250001 0.16792181111111112
0 0.3671643515625 0.010390947222222223 0.3670370375 0.040946502777777775 0.37631944375000004 0.06329218055555555 0.3872453703125 0.06621399166666667 0.4045138890625 0.046995886111111114 0.4046875 0.005329219444444444 0.3671643515625 0.010390947222222223
0 0.3241666671875 0.2042798361111111 0.3243518515625 0.15983539166666666 0.297858796875 0.14281893055555556 0.297615740625 0.2011522638888889 0.3241666671875 0.2042798361111111