0 0.2721990734375 0.23790123333333332 0.24375 0.21734567777777777 0.22693287031249998 0.2388888888888889 0.22909722187499998 0.27506172777777776 0.2596643515625 0.32901234444444444 0.27353189375000003 0.3333333333333333 0.28165960156250003 0.3333333333333333 0.2953125 0.31584359166666665 0.2953125 0.2718173222222222 0.29407407343749997 0.23876543333333333 0.2721990734375 0.23790123333333332
0 0.25625 0.5116872416666667 0.2457291671875 0.5444444444444444 0.2460763890625 0.5722222222222222 0.2572376453125 0.6055555555555555 0.2593242734375 0.6055555555555555 0.2807638890625 0.5990329222222222 0.2953125 0.578747275 0.2953125 0.5327540694444444 0.284375 0.513168725 0.25625 0.5116872416666667
0 0.235115740625 0.7610699583333334 0.23991898125 0.7748353916666667 0.24773148125 0.7746296305555556 0.2662731484375 0.7491358027777778 0.27875 0.7460288055555556 0.284375 0.7117291916666667 0.284375 0.70823895 0.27819444375 0.6793621388888889 0.2532853234375 0.6722222222222223 0.25136052656249996 0.6722222222222223 0.23318287031249998 0.7166666666666667 0.235115740625 0.7610699583333334
0 0.325 0.18405349722222222 0.31437499999999996 0.20833333333333334 0.3167361109375 0.27232510277777777 0.3288969984375 0.2916666666666667 0.34459935937499997 0.2916666666666667 0.35131944375 0.29125514444444445 0.359375 0.26443785 0.359375 0.2511673 0.35670138906250004 0.2222222222222222 0.325 0.18405349722222222
0 0.19075231406249998 0.9493415638888889 0.1783449078125 0.9722222222222222 0.18001157343750002 0.9971399166666667 0.2190740734375 0.9950823055555555 0.22840277812499998 0.9834773666666666 0.23125 0.9431224972222222 0.23125 0.9414373333333333 0.2218981484375 0.9226954722222221 0.2085370796875 0.9194444444444444 0.20213453593750003 0.9194444444444444 0.1922453703125 0.9325925916666667 0.19075231406249998 0.9493415638888889
0 0.6370833328125001 0 0.61875 0.03259259166666666 0.61875 0.05469647777777778 0.625625 0.07469135833333333 0.6505555562499999 0.07925925833333333 0.661840278125 0.05104938333333333 0.669987403125 0 0.6370833328125001 0
0 0.33125 0 0.3351041671875 0.05825102777777778 0.34625 0.07462963055555555 0.366527778125 0.07131687222222223 0.3734375 0.05598530277777778 0.3734375 0.04056928333333333 0.37204861093749997 0.012818930555555556 0.36456688593750003 0 0.33125 0
0 0.29319444375 0.8433950611111112 0.29194444375 0.8183333333333334 0.2796875 0.798395061111111 0.265625 0.7978395055555555 0.252777778125 0.8251234555555556 0.25 0.8511704166666667 0.25 0.8597530861111112 0.25820350312499996 0.875 0.259322490625 0.875 0.2835416671875 0.8652469138888889 0.29319444375 0.8433950611111112
0 0.265625 0.3898765444444445 0.2486458328125 0.4056378611111111 0.24736111093750002 0.42777777777777776 0.2617708328125 0.45629629722222226 0.2715100703125 0.46111111111111114 0.27570174999999997 0.46111111111111114 0.28975694375 0.4466666666666667 0.2921875 0.425203975 0.2921875 0.4206367194444444 0.28444444375 0.39641975277777775 0.265625 0.3898765444444445
0 0.18336805625000002 0.8333333333333334 0.1852083328125 0.8554938277777778 0.19624999999999998 0.8633950611111112 0.2195833328125 0.8541358027777777 0.2265625 0.8359230944444445 0.2265625 0.8296814777777778 0.22368055625 0.8067283944444443 0.21016975312500003 0.7888888888888889 0.20814942187500002 0.7888888888888889 0.1923611109375 0.8024074083333333 0.18336805625000002 0.8333333333333334
0 0.6734375 0.3223456777777778 0.6657175921875 0.33335390833333334 0.6645254625 0.37777777777777777 0.6785707921874999 0.39444444444444443 0.6792661171875001 0.39444444444444443 0.69430555625 0.3892798361111111 0.70625 0.35686494722222223 0.70625 0.35491710555555556 0.700046296875 0.3282510277777778 0.6734375 0.3223456777777778
0 0.648796296875 0.19722222222222222 0.6600115734374999 0.18055555555555555 0.6652546296875 0.14722222222222223 0.6609375 0.125 0.637453703125 0.12777777777777777 0.6262847218750001 0.14166666666666666 0.625 0.16188524999999998 0.625 0.1775974 0.6286226859374999 0.18888888888888888 0.648796296875 0.19722222222222222
0 0.4109375 0.12271605000000001 0.4002083328125 0.14728395 0.3989236109375 0.18055555555555555 0.4082823859375 0.2 0.42655505156249995 0.2 0.43493055625 0.19030864166666667 0.4359375 0.15873889166666666 0.4359375 0.15106695555555555 0.423483796875 0.12876543333333335 0.4109375 0.12271605000000001
0 0.186215278125 0.16666666666666666 0.20555555625 0.2129012333333333 0.21805555625 0.21224279722222225 0.22100694375000002 0.19818929999999998 0.22881944375000002 0.19777777777777777 0.23125 0.17332818611111112 0.23125 0.16886096666666667 0.22673611093749999 0.15619341666666667 0.20321052499999998 0.14444444444444443 0.1999160703125 0.14444444444444443 0.18913194375 0.14983539166666668 0.186215278125 0.16666666666666666
0 0.746828703125 0.15833333333333333 0.740625 0.14681070000000002 0.70774305625 0.16131687222222224 0.7046875 0.18983055833333332 0.7046875 0.1920321222222222 0.7164550265625 0.21388888888888888 0.731689940625 0.21388888888888888 0.7467476859375 0.17777777777777778 0.746828703125 0.15833333333333333
0 0.5552083328124999 0.43333333333333335 0.5664583328125 0.4579012333333334 0.58368055625 0.45999999999999996 0.590625 0.4522144361111111 0.590625 0.40130568888888885 0.5650453703125 0.39166666666666666 0.563896590625 0.39166666666666666 0.5564583328125 0.4082716055555556 0.5552083328124999 0.43333333333333335
0 0.2734375 0.9612345666666666 0.265625 0.9694650194444444 0.2640625 0.9972222222222222 0.29991148437500004 0.9972222222222222 0.29375 0.9642798361111111 0.2734375 0.9612345666666666