0 0.29812500000000003 0.2960905361111111 0.296365740625 0.24888888888888888 0.28379629687499996 0.23238683055555556 0.265034721875 0.22985596666666666 0.2493518515625 0.21617283888888889 0.2384143515625 0.2163168722222222 0.2275578703125 0.23590535 0.2292708328125 0.27199588611111114 0.2623148140625 0.3271193416666667 0.27638888906250003 0.3297119333333333 0.2888541671875 0.3212139916666667 0.29812500000000003 0.2960905361111111
0 0.2975231484375 0.5266666666666666 0.28180555625000003 0.5046502055555555 0.27399305625000003 0.504753086111111 0.2583796296875 0.507736625 0.246053240625 0.5495679 0.2587731484375 0.6021810694444445 0.2806134265625 0.5935596694444444 0.297696759375 0.5683333333333334 0.2975231484375 0.5266666666666666
0 0.2652893515625 0.6659876555555556 0.2543518515625 0.6661316861111112 0.24193287031250002 0.6857407416666667 0.2342708328125 0.7219547333333334 0.2422916671875 0.7718518527777778 0.282777778125 0.7379835388888889 0.282546296875 0.6824279833333333 0.2652893515625 0.6659876555555556
0 0.35717592656249997 0.21753086388888887 0.3257638890625 0.17905349722222222 0.3242013890625 0.179074075 0.31491898125 0.20141975277777777 0.3151620375 0.2597530861111111 0.330902778125 0.2873251027777778 0.34809027812500004 0.28709876666666667 0.35893518593749996 0.2647325111111111 0.35717592656249997 0.21753086388888887
0 0.23518518593749999 0.9413991777777778 0.2257291671875 0.9220781888888889 0.21320601875 0.9166872416666667 0.21163194375 0.9139300416666667 0.2022800921875 0.9196090527777778 0.1821643515625 0.9670987666666666 0.18228009218750002 0.9948765444444444 0.2213425921875 0.9943621388888889 0.2337731484375 0.9775308638888889 0.23518518593749999 0.9413991777777778
0 0.6363565421875 0 0.635983796875 0.002736625 0.6188888890625 0.02518518611111111 0.61898148125 0.04740740833333333 0.626875 0.06674897222222223 0.6518981484374999 0.07197530833333333 0.66273148125 0.046831275000000006 0.6691101875000001 0 0.6363565421875 0
0 0.3299628703125 0 0.3330324078125 0.048395061111111116 0.34562499999999996 0.070452675 0.36124999999999996 0.07024691388888889 0.37366898125 0.05063786111111111 0.37351851875 0.014526750000000001 0.36640888125000004 0 0.3299628703125 0
0 0.22851851875 0.8414814805555556 0.22997685156249997 0.8164609055555556 0.2252083328125 0.7970781888888889 0.2189120375 0.7860493833333333 0.2095370375 0.7861728388888889 0.2079629625 0.7834156388888889 0.1955208328125 0.7974691361111111 0.1847106484375 0.8281687249999999 0.186365740625 0.8503703694444444 0.1989120375 0.8613168722222222 0.22076388906250002 0.85547325 0.22851851875 0.8414814805555556
0 0.701365740625 0.31855966944444447 0.68570601875 0.3104321 0.67633101875 0.31055555555555553 0.6670023140625 0.3217901222222222 0.662453703125 0.3551851861111111 0.67820601875 0.3855349805555556 0.696921296875 0.3769547333333333 0.70773148125 0.34625514444444444 0.701365740625 0.31855966944444447
0 0.29560185156249996 0.8155967083333334 0.283009259375 0.7935390944444445 0.270509259375 0.7937037027777778 0.255034721875 0.830020575 0.25356481406250003 0.852263375 0.25988425937500004 0.8688477361111111 0.28329861093750003 0.8629835388888889 0.2941666671875 0.846172838888889 0.29560185156249996 0.8155967083333334
0 0.7398958328125 0.1902674888888889 0.7476041671875 0.16516460833333335 0.7475115734375 0.14294238611111112 0.7412268515625 0.13469135833333334 0.7318518515625 0.13481481388888888 0.7131365734374999 0.1433950611111111 0.7054050921874999 0.16294238611111111 0.7054861109375 0.18238683055555557 0.7165162031250001 0.20446501944444442 0.7290277781250001 0.20707818888888888 0.7398958328125 0.1902674888888889
0 0.23196759218750002 0.16917695555555554 0.2256481484375 0.15259259166666667 0.2021643515625 0.14179012222222223 0.1943518515625 0.14189300277777778 0.186608796875 0.15866255277777777 0.189803240625 0.17528806666666666 0.19929398125 0.2029423861111111 0.216527778125 0.2138271611111111 0.2289583328125 0.19699588611111113 0.23196759218750002 0.16917695555555554
0 0.66625 0.14123456666666667 0.6614583328125 0.11629629722222222 0.6473958328125 0.11648148055555554 0.6256018515624999 0.13621399166666667 0.625740740625 0.169547325 0.639884259375 0.18880658333333333 0.6523726859375001 0.18586419722222225 0.6616898140624999 0.17185185277777779 0.66625 0.14123456666666667
0 0.2907523140625 0.4017489722222222 0.2797453703125 0.38522633611111107 0.2672453703125 0.3853909472222223 0.24858796249999998 0.40786008333333335 0.25024305625 0.4300617277777778 0.267534721875 0.4548353916666667 0.28314814843749997 0.45185185277777773 0.29243055625 0.4295061722222222 0.2907523140625 0.4017489722222222
0 0.4365856484375 0.14981481388888887 0.42083333281249996 0.11946501944444445 0.40833333281249995 0.11962963055555556 0.3975578703125 0.15866255277777777 0.3991898140625 0.17530864166666668 0.40864583281250005 0.19462963055555554 0.4258333328125 0.19440329166666667 0.43515046249999995 0.18039094722222224 0.4365856484375 0.14981481388888887
0 0.5923148140625 0.39777777777777773 0.57975694375 0.3840534972222222 0.56569444375 0.3842386833333334 0.5564120375 0.4065843611111111 0.55649305625 0.42602880555555556 0.565972221875 0.45090535000000004 0.5769328703125 0.4563168722222223 0.5940509265625 0.4394238694444444 0.5923148140625 0.39777777777777773