0 0.296875 0.2960905361111111 0.29375 0.2461316861111111 0.2828125 0.23238683055555556 0.265625 0.22983539166666667 0.246875 0.21341563888888887 0.2421875 0.21347736666666664 0.2265625 0.23590535 0.225 0.25814814722222224 0.2296875 0.2747530861111111 0.259375 0.32713991666666664 0.2859375 0.32401234444444443 0.296875 0.2960905361111111
0 0.2953125 0.5683333333333334 0.2953125 0.5266666666666666 0.2796875 0.5046502055555555 0.271875 0.504753086111111 0.25625 0.507736625 0.2453125 0.5412139916666667 0.2453125 0.5689917694444445 0.25625 0.6021810694444445 0.2859375 0.5879012333333333 0.2953125 0.5683333333333334
0 0.2796875 0.7407613166666667 0.28125 0.6879629638888889 0.2734375 0.6713991777777777 0.2625 0.6659876555555556 0.253125 0.6661111111111111 0.24375 0.6801234555555555 0.23125 0.7219547333333334 0.23125 0.7413991777777778 0.240625 0.771831275 0.2671875 0.7437037027777779 0.2796875 0.7407613166666667
0 0.3578125 0.22306584444444444 0.3265625 0.17903292222222222 0.321875 0.17909465 0.3140625 0.20419753055555556 0.3140625 0.2597530861111111 0.3296875 0.2873251027777778 0.346875 0.28709876666666667 0.3578125 0.2675102888888889 0.3578125 0.22306584444444444
0 0.215625 0.9166049388888889 0.203125 0.9167695472222223 0.1796875 0.9643004111111111 0.1796875 0.9948559666666666 0.215625 0.9943827166666667 0.228125 0.9803292194444444 0.23125 0.9441769555555556 0.215625 0.9166049388888889
0 0.6328125 0 0.625 0.013991769444444444 0.61875 0.04185185277777778 0.6265625 0.06674897222222223 0.653125 0.06917695555555556 0.66875 0.016193416666666665 0.6697612562499999 0 0.6328125 0
0 0.3300367453125 0 0.334375 0.05393004166666667 0.3453125 0.070452675 0.359375 0.0702674888888889 0.3734375 0.05063786111111111 0.3734375 0.014526750000000001 0.36638877812500004 0 0.3300367453125 0
0 0.2921875 0.8405967083333334 0.2921875 0.8155967083333334 0.2796875 0.7935390944444445 0.2671875 0.7937037027777778 0.25625 0.8105144027777779 0.25 0.8383744861111111 0.2515625 0.8633539083333334 0.259375 0.8715843611111111 0.2828125 0.8601646083333334 0.2921875 0.8405967083333334
0 0.70625 0.3434773666666667 0.7 0.31855966944444447 0.68125 0.31047325 0.6796875 0.3104938277777778 0.6671875 0.32176954722222223 0.6625 0.3412757194444444 0.6640625 0.3690329222222222 0.6765625 0.3855349805555556 0.6953125 0.3769547333333333 0.70625 0.3434773666666667
0 0.225 0.8387037027777778 0.2234375 0.8053909472222223 0.209375 0.7861316861111111 0.2046875 0.7861934166666666 0.19375 0.7974485583333333 0.18125 0.8365020583333334 0.184375 0.8531275722222222 0.196875 0.8612962972222222 0.215625 0.8554938277777778 0.225 0.8387037027777778
0 0.6609375 0.17185185277777779 0.665625 0.14123456666666667 0.6609375 0.11629629722222222 0.65234375 0.11640946388888888 0.6359375 0.11940329166666667 0.6265625 0.13341563888888888 0.625 0.1667695472222222 0.63125 0.18335390833333334 0.6484375 0.1886831277777778 0.6609375 0.17185185277777779
0 0.290625 0.4295061722222222 0.2875 0.39621399166666665 0.271875 0.3853086416666666 0.2703125 0.3825514416666666 0.253125 0.3938888888888889 0.246875 0.40786008333333335 0.2484375 0.4300617277777778 0.2640625 0.4548559666666666 0.278125 0.45467078055555554 0.290625 0.4295061722222222
0 0.746875 0.16794238611111112 0.746875 0.14294238611111112 0.740625 0.13469135833333334 0.73125 0.13481481388888888 0.7125 0.1433950611111111 0.70625 0.15736625555555556 0.7046875 0.18516460833333334 0.715625 0.20446501944444442 0.7328125 0.20423868333333334 0.746875 0.16794238611111112
0 0.4359375 0.1470370361111111 0.4234375 0.12220164722222222 0.4140625 0.11676954722222221 0.4109375 0.11681069999999999 0.4 0.13917695555555556 0.3984375 0.17530864166666668 0.4078125 0.19462963055555554 0.425 0.19440329166666667 0.4359375 0.1748148138888889 0.4359375 0.1470370361111111
0 0.2234375 0.15261316944444445 0.2015625 0.14179012222222223 0.19375 0.14189300277777778 0.1859375 0.1669958861111111 0.2015625 0.20567901111111112 0.2171875 0.21102880555555556 0.228125 0.19421810833333333 0.23125 0.16917695555555554 0.2234375 0.15261316944444445
0 0.5921875 0.4394238694444444 0.5921875 0.40053498055555553 0.5828125 0.3839917694444444 0.5734375 0.38411522500000006 0.5640625 0.3842386833333334 0.5546875 0.4093621388888889 0.5546875 0.42602880555555556 0.56875 0.4536214 0.5796875 0.4534773666666667 0.5921875 0.4394238694444444
0 0.2765625 0.9574691361111112 0.2671875 0.9631481472222223 0.2640625 0.9937448555555556 0.296875 0.9933127583333334 0.29375 0.9711316861111112 0.2796875 0.9574279833333333 0.2765625 0.9574691361111112