0 0.771875 0.7166666666666667 0.7734375 0.6805555555555556 0.759375 0.6555555555555556 0.7421875 0.6583333333333333 0.7375 0.6666666666666666 0.7375 0.7166666666666667 0.75 0.725 0.771875 0.7166666666666667
0 0.2609375 0.8055555555555556 0.2515625 0.7916666666666666 0.2359375 0.7916666666666666 0.225 0.8055555555555556 0.2234375 0.8555555555555555 0.2515625 0.8555555555555555 0.2609375 0.8416666666666667 0.2609375 0.8055555555555556
0 0.3421875 0.05555555555555555 0.3421875 0.027777777777777776 0.325 0.002777777777777778 0.3 0.005555555555555556 0.3 0.075 0.3140625 0.08888888888888889 0.334375 0.07777777777777778 0.3421875 0.05555555555555555
0 0.396875 0.8777777777777778 0.409375 0.8666666666666667 0.4109375 0.8166666666666667 0.4 0.8055555555555556 0.38125 0.8083333333333333 0.375 0.8166666666666667 0.375 0.8694444444444445 0.38125 0.8777777777777778 0.396875 0.8777777777777778
0 0.5546875 0.19166666666666668 0.5546875 0.14166666666666666 0.5484375 0.13055555555555556 0.53125 0.12777777777777777 0.51875 0.14166666666666666 0.5171875 0.18888888888888888 0.5234375 0.20277777777777778 0.5421875 0.20555555555555555 0.5546875 0.19166666666666668
0 0.621875 0.07777777777777778 0.6296875 0.058333333333333334 0.628125 0 0.59375 0.005555555555555556 0.5859375 0.016666666666666666 0.5859375 0.06111111111111111 0.6 0.08055555555555556 0.621875 0.07777777777777778
0 0.7109375 0.8555555555555555 0.7109375 0.8305555555555556 0.7046875 0.8055555555555556 0.6734375 0.8055555555555556 0.671875 0.8527777777777777 0.6875 0.8666666666666667 0.70625 0.8666666666666667 0.7109375 0.8555555555555555
0 0.4484375 0 0.4421875 0.016666666666666666 0.44375 0.075 0.4625 0.09166666666666666 0.4859375 0.08055555555555556 0.49375 0.05555555555555555 0.4875 0.008333333333333333 0.4796875 0 0.4484375 0
0 0.49375 0.9527777777777777 0.4890625 0.9361111111111111 0.4796875 0.9277777777777778 0.45 0.9305555555555556 0.4421875 0.9416666666666667 0.4421875 0.9916666666666667 0.4921875 0.9888888888888889 0.49375 0.9527777777777777
0 0.3359375 0.18888888888888888 0.3375 0.1527777777777778 0.3328125 0.14166666666666666 0.3203125 0.12777777777777777 0.2984375 0.13055555555555556 0.296875 0.16666666666666666 0.3125 0.20555555555555555 0.3234375 0.20555555555555555 0.3359375 0.18888888888888888
0 0.3890625 0.2 0.3984375 0.18333333333333332 0.3984375 0.1527777777777778 0.3828125 0.13055555555555556 0.3625 0.13055555555555556 0.35625 0.14166666666666666 0.35625 0.18333333333333332 0.36875 0.20277777777777778 0.3890625 0.2
0 0.6359375 0.9472222222222222 0.628125 0.9305555555555556 0.6 0.9333333333333333 0.59375 0.9416666666666667 0.59375 0.9888888888888889 0.6359375 0.9944444444444445 0.6359375 0.9472222222222222
0 0.7734375 0.9638888888888889 0.7546875 0.9166666666666666 0.73125 0.9166666666666666 0.725 0.925 0.721875 0.9777777777777777 0.73125 0.9916666666666667 0.7734375 0.9916666666666667 0.7734375 0.9638888888888889
0 0.5609375 0.8555555555555555 0.5609375 0.8305555555555556 0.55 0.8138888888888889 0.525 0.8166666666666667 0.5234375 0.8666666666666667 0.5375 0.8888888888888888 0.5484375 0.8888888888888888 0.5609375 0.8555555555555555
0 0.5671875 0.9888888888888889 0.5671875 0.9527777777777777 0.546875 0.9138888888888889 0.51875 0.9166666666666666 0.51875 0.9333333333333333 0.5125 0.9416666666666667 0.5140625 0.9944444444444445 0.5671875 0.9888888888888889
0 0.725 0.005555555555555556 0.7296875 0.016666666666666666 0.725 0.027777777777777776 0.725 0.06944444444444445 0.7296875 0.08055555555555556 0.7375 0.09166666666666666 0.753125 0.09166666666666666 0.7640625 0.075 0.7703125 0.05 0.7703125 0.005555555555555556 0.75625 0.005555555555555556 0.753125 0.016666666666666666 0.7453125 0.005555555555555556 0.725 0.005555555555555556
0 0.4796875 0.19166666666666668 0.484375 0.18055555555555555 0.484375 0.15555555555555556 0.478125 0.1388888888888889 0.4671875 0.125 0.44375 0.13333333333333333 0.44375 0.18888888888888888 0.45625 0.20277777777777778 0.471875 0.20277777777777778 0.4796875 0.19166666666666668
0 0.259375 0.21666666666666667 0.2734375 0.2 0.2734375 0.1638888888888889 0.265625 0.15 0.2359375 0.14166666666666666 0.23125 0.14444444444444443 0.23125 0.17777777777777778 0.24375 0.20833333333333334 0.259375 0.21666666666666667
0 0.3484375 0.9472222222222222 0.340625 0.9333333333333333 0.3125 0.9333333333333333 0.30625 0.9416666666666667 0.30625 0.9944444444444445 0.3484375 0.9888888888888889 0.3484375 0.9472222222222222
0 0.3484375 0.8444444444444444 0.3484375 0.8166666666666667 0.3421875 0.7944444444444444 0.3140625 0.7944444444444444 0.30625 0.8083333333333333 0.3046875 0.8611111111111112 0.309375 0.8666666666666667 0.3359375 0.8666666666666667 0.3484375 0.8444444444444444
0 0.55 0.33055555555555555 0.5546875 0.2777777777777778 0.546875 0.2638888888888889 0.5234375 0.2638888888888889 0.51875 0.26666666666666666 0.51875 0.31666666666666665 0.5296875 0.33055555555555555 0.55 0.33055555555555555
0 0.2859375 0.9166666666666666 0.2828125 0.9055555555555556 0.2609375 0.9055555555555556 0.25 0.9166666666666666 0.2375 0.9472222222222222 0.234375 0.9944444444444445 0.271875 0.9916666666666667 0.2859375 0.9666666666666667 0.2859375 0.9166666666666666
0 0.6984375 0.13055555555555556 0.675 0.125 0.6625 0.13333333333333333 0.6625 0.18888888888888888 0.690625 0.19166666666666668 0.6984375 0.16666666666666666 0.6984375 0.13055555555555556
0 0.415625 0.925 0.4109375 0.9138888888888889 0.3890625 0.9194444444444444 0.375 0.9416666666666667 0.375 0.9944444444444445 0.415625 0.9916666666666667 0.415625 0.925
0 0.7671875 0.17777777777777778 0.7671875 0.14166666666666666 0.7375 0.14444444444444443 0.7296875 0.1527777777777778 0.7296875 0.20277777777777778 0.75625 0.20277777777777778 0.7671875 0.17777777777777778
0 0.2953125 0 0.296875 0.058333333333333334 0.30625 0.08333333333333333 0.3234375 0.08888888888888889 0.3390625 0.06666666666666667 0.3421875 0.03333333333333333 0.3171875 0 0.2953125 0
0 0.2640625 0.09444444444444444 0.278125 0.075 0.278125 0.030555555555555555 0.2515625 0 0.228125 0.002777777777777778 0.2265625 0.04722222222222222 0.2375 0.05555555555555555 0.25 0.09444444444444444 0.2640625 0.09444444444444444
0 0.5171875 0 0.5125 0.011111111111111112 0.5125 0.05 0.525 0.075 0.54375 0.08055555555555556 0.5609375 0.06111111111111111 0.5609375 0 0.5171875 0
0 0.4046875 0.08611111111111111 0.4140625 0.05277777777777778 0.4046875 0.011111111111111112 0.396875 0 0.36875 0.002777777777777778 0.3671875 0.03611111111111111 0.375 0.07777777777777778 0.3859375 0.09166666666666666 0.4046875 0.08611111111111111
0 0.603125 0.002777777777777778 0.603125 0.05 0.6234375 0.06388888888888888 0.6296875 0 0.603125 0.002777777777777778
0 0.7109375 0.8611111111111112 0.7125 0.8416666666666667 0.6984375 0.8 0.6828125 0.8 0.671875 0.8194444444444444 0.671875 0.85 0.6796875 0.8638888888888889 0.7015625 0.8722222222222222 0.7109375 0.8611111111111112
0 0.70625 0.9444444444444444 0.6984375 0.9194444444444444 0.6734375 0.9111111111111111 0.6609375 0.9416666666666667 0.659375 0.9583333333333334 0.66875 0.9861111111111112 0.7078125 0.9972222222222222 0.70625 0.9444444444444444
0 0.63125 0.8722222222222222 0.6328125 0.825 0.6234375 0.8055555555555556 0.6109375 0.8027777777777778 0.5953125 0.8222222222222222 0.59375 0.85 0.6 0.8666666666666667 0.615625 0.8805555555555555 0.63125 0.8722222222222222
0 0.6265625 0.9333333333333333 0.6125 0.9305555555555556 0.596875 0.95 0.6 0.9972222222222222 0.6390625 0.9972222222222222 0.6359375 0.9527777777777777 0.6265625 0.9333333333333333
0 0.44375 0 0.440625 0.05 0.446875 0.075 0.465625 0.09166666666666666 0.48125 0.08611111111111111 0.4953125 0.05 0.4890625 0.013888888888888888 0.4828125 0 0.44375 0
0 0.471875 0.5944444444444444 0.4796875 0.5694444444444444 0.475 0.5388888888888889 0.465625 0.5277777777777778 0.4421875 0.5388888888888889 0.4375 0.5638888888888889 0.44375 0.5916666666666667 0.453125 0.6 0.471875 0.5944444444444444