0 0.2265625 0.24351909444444447 0.22766203749999997 0.2749382722222222 0.26001157343750003 0.32919753055555556 0.2740509265625 0.33141975277777774 0.2866203703125 0.32259259166666665 0.296203703125 0.2972222222222222 0.295034721875 0.2500617277777778 0.2826736109375 0.2338888888888889 0.263946759375 0.23185185277777778 0.2494474046875 0.21944444444444444 0.23725870468750002 0.21944444444444444 0.2265625 0.23859871944444444 0.2265625 0.24351909444444447
0 0.2439351859375 0.5527777777777778 0.2566550921875 0.6053909472222222 0.2784953703125 0.5967695472222222 0.2953125 0.5719363027777777 0.2953125 0.5297468444444444 0.2800253546875 0.5083333333333333 0.26993678593750003 0.5083333333333333 0.2562615734375 0.5109465027777778 0.2439351859375 0.5527777777777778
0 0.23125 0.7219568111111111 0.23125 0.7298209722222222 0.23774305624999997 0.7748971194444445 0.27878472187500003 0.7410288055555556 0.2794791671875 0.68547325 0.262925009375 0.6694444444444444 0.2513886703125 0.6694444444444444 0.23881944375000003 0.6887860083333334 0.23125 0.7219568111111111
0 0.3154050921875 0.2638888888888889 0.33149305625 0.29125514444444445 0.34868055625 0.29080246944444443 0.3578125 0.2713494388888889 0.3578125 0.23947220833333335 0.3568981484375 0.2211111111111111 0.32524139218750003 0.18333333333333332 0.3233385484375 0.18333333333333332 0.3144328703125 0.20555555555555555 0.3154050921875 0.2638888888888889
0 0.229421296875 0.9832716055555556 0.231134259375 0.9472427972222223 0.221840278125 0.9273045277777778 0.2093634265625 0.9210905361111111 0.2078125 0.9182304527777778 0.1984143515625 0.9232921805555555 0.178125 0.9689495833333333 0.178125 0.9972222222222222 0.2184674625 0.9972222222222222 0.229421296875 0.9832716055555556
0 0.6703125 0.002037036111111111 0.662109375 0.0017129638888888888 0.6375 0.0007407416666666666 0.6360763890625 0.011790122222222222 0.6191666671875 0.03333333333333333 0.61944444375 0.05555555555555555 0.6275000000000001 0.07530864166666668 0.647602853125 0.08055555555555556 0.653130059375 0.08055555555555556 0.6631944437499999 0.05728395 0.6703125 0.002037036111111111
0 0.3296875 0 0.33347222187500003 0.05277777777777778 0.34625 0.075 0.361875 0.075 0.3734375 0.05665722222222222 0.3734375 0.018953066666666667 0.3640625 0 0.35546875 0 0.3296875 0
0 0.215659721875 0.7897942388888889 0.206284721875 0.7895473249999999 0.2046875 0.7867283944444444 0.1923611109375 0.8002880666666666 0.18180555625 0.8305555555555556 0.1836458328125 0.8528189305555556 0.19587555 0.8638888888888889 0.19790661874999999 0.8638888888888889 0.21809027812499998 0.859279836111111 0.2257291671875 0.8455967083333332 0.2265625 0.8289574861111111 0.2265625 0.8189842333333333 0.2220486109375 0.8010699583333333 0.215659721875 0.7897942388888889
0 0.70625 0.35853909444444443 0.7 0.33034979444444446 0.684375 0.32098765555555553 0.675 0.3203703694444444 0.665625 0.3308641972222222 0.6609375 0.3638888888888889 0.6760535421875 0.39444444444444443 0.6792798890625 0.39444444444444443 0.6953125 0.38837448611111114 0.70625 0.35853909444444443
0 0.25 0.8467097555555556 0.25 0.8575173833333333 0.2553125 0.8718107 0.27881944375 0.8647119333333333 0.289965278125 0.8473251027777777 0.29190972187500003 0.8166666666666667 0.280803953125 0.7972222222222223 0.2666976375 0.7972222222222223 0.2511111109375 0.8332304527777777 0.25 0.8467097555555556
0 0.7467476859375 0.17555555555555558 0.746840278125 0.15333333333333335 0.740625 0.14491769444444444 0.73125 0.1447942388888889 0.712465278125 0.15288065833333334 0.7046875 0.17193862222222223 0.7046875 0.19207245833333333 0.7153356484375 0.2140329222222222 0.7265140999999999 0.21666666666666667 0.7280296828124999 0.21666666666666667 0.73883101875 0.20045267500000002 0.7467476859375 0.17555555555555558
0 0.23125 0.17460905277777777 0.225 0.15761316944444445 0.2015625 0.14526748888888888 0.19375 0.14485596666666667 0.1859375 0.16111111111111112 0.1890625 0.1779423861111111 0.1984375 0.20621399166666668 0.2133882703125 0.21666666666666667 0.21684607968749997 0.21666666666666667 0.228125 0.20222222222222222 0.23125 0.17460905277777777
0 0.66070601875 0.18197530833333334 0.6655208328125 0.1516049388888889 0.6609375 0.12641975277777778 0.646875 0.12586419722222222 0.625 0.14437588333333334 0.625 0.17809234722222225 0.6383731984375001 0.19722222222222222 0.6418049296875 0.19722222222222222 0.6512731484375001 0.1954938277777778 0.66070601875 0.18197530833333334
0 0.24862268593749998 0.43327160555555555 0.2659143515625 0.45759259166666666 0.28152777812499996 0.45419753055555556 0.290625 0.43205566666666667 0.290625 0.42854660555555557 0.28913194375 0.4038888888888889 0.2789620296875 0.3888888888888889 0.265023146875 0.3888888888888889 0.2469675921875 0.4111111111111111 0.24862268593749998 0.43327160555555555
0 0.3984375 0.18047325 0.4078125 0.19942386944444443 0.425 0.19851851944444446 0.434375 0.18413580277777777 0.4359375 0.15349794166666667 0.4209612890625 0.125 0.407652828125 0.125 0.396875 0.1638888888888889 0.3984375 0.18047325
0 0.5553819437499999 0.43333333333333335 0.5651736109375001 0.4579629638888889 0.576203703125 0.4630864194444444 0.5921875 0.4466905388888889 0.5921875 0.4286720444444444 0.59085648125 0.4041358027777778 0.5790050546875001 0.39166666666666666 0.5639148828125 0.39166666666666666 0.5550578703125 0.41388888888888886 0.5553819437499999 0.43333333333333335