0 0.703125 0.6557613166666667 0.689178240625 0.6833539083333333 0.687777778125 0.7222222222222222 0.70194444375 0.7474074083333333 0.745566965625 0.7666666666666667 0.747827415625 0.7666666666666667 0.7625 0.7432274944444444 0.7625 0.7117549055555555 0.725 0.6560493833333333 0.703125 0.6557613166666667
0 0.7126273140625 0.5444238694444444 0.7112268515625 0.5833333333333334 0.72069444375 0.6054321 0.7300925921875 0.6108641972222222 0.7769444437499999 0.6046913583333333 0.7890625 0.5800906638888889 0.7890625 0.5776118361111111 0.7845138890625 0.5462551444444445 0.75631944375 0.5299588472222223 0.7456140609374999 0.5138888888888888 0.7443251234375 0.5138888888888888 0.720358796875 0.5248765444444444 0.7126273140625 0.5444238694444444
0 0.54375 0.7290018833333333 0.5554398140625 0.7527777777777778 0.5896527781249999 0.7722222222222223 0.6054861109375 0.7472222222222222 0.60569444375 0.7222222222222222 0.590625 0.6555555555555556 0.5609375 0.6555555555555556 0.54375 0.6883587361111111 0.54375 0.7290018833333333
0 0.3936226859375 0.5499176944444445 0.3921875 0.5823501055555556 0.3921875 0.5895079666666667 0.4058333328125 0.6187037027777778 0.4339583328125 0.6172222222222222 0.44969907343750004 0.5886214 0.449884259375 0.5441769555555556 0.43417196562499993 0.5194444444444445 0.42030632968750004 0.5194444444444445 0.4093634265625 0.5213168722222222 0.3936226859375 0.5499176944444445
0 0.634375 0.5392592583333333 0.6219791671875 0.5639300416666667 0.6205208328125 0.5888888888888889 0.6252893515625 0.6084567888888889 0.636284721875 0.6226337444444444 0.6560268765624999 0.625 0.6667591484375001 0.625 0.678125 0.6075057444444444 0.678125 0.5735448527777778 0.6546875 0.5397942388888889 0.634375 0.5392592583333333
0 0.2796875 0.5105967083333334 0.256284721875 0.5118312749999999 0.24576388906250002 0.5444444444444444 0.2461111109375 0.5722222222222222 0.2587165328125 0.6055555555555555 0.2609389828125 0.6055555555555555 0.2869791671875 0.5943415638888889 0.2953125 0.579751213888889 0.2953125 0.5584619416666666 0.29392361093749997 0.5254115222222222 0.2796875 0.5105967083333334
0 0.47298611093750004 0.43333333333333335 0.4842013890625 0.44927983611111116 0.50304398125 0.45360082222222226 0.5203125 0.431562075 0.5203125 0.3903993083333333 0.50747436875 0.36666666666666664 0.488407803125 0.36666666666666664 0.4723379625 0.39444444444444443 0.47298611093750004 0.43333333333333335
0 0.490625 0.5310493833333333 0.4767013890625 0.5473456777777778 0.4723379625 0.5861111111111111 0.47877314843749996 0.6084979416666667 0.49839278125 0.625 0.5002401187500001 0.625 0.5147569437499999 0.615 0.521875 0.5864163472222222 0.521875 0.5823932555555555 0.5141550921875 0.5427777777777778 0.490625 0.5310493833333333
0 0.6687615734375 0.3377777777777778 0.640625 0.3338888888888889 0.62820601875 0.35283950555555554 0.6268287031249999 0.3972222222222222 0.644968675 0.4166666666666667 0.6482669671875 0.4166666666666667 0.6628240734374999 0.4125308638888889 0.6796875 0.3746846472222222 0.6796875 0.37306031111111115 0.6766203703125 0.3491975305555556 0.6687615734375 0.3377777777777778
0 0.3406365734375 0.36172839444444443 0.3314004625 0.39444444444444443 0.3331134265625 0.4306584361111111 0.342229996875 0.45 0.367319265625 0.45 0.3734375 0.4394478222222222 0.3734375 0.3832180666666667 0.3546875 0.35987654444444445 0.3406365734375 0.36172839444444443
0 0.203125 0.9208436222222223 0.19069444375 0.9368518527777777 0.1892013890625 0.9534362138888889 0.17678240781250001 0.9722222222222222 0.1784436046875 0.9972222222222222 0.219173240625 0.9972222222222222 0.2299421296875 0.9833539083333334 0.23125 0.9499829777777778 0.23125 0.9471358305555556 0.2187615734375 0.9244444444444445 0.203125 0.9208436222222223
0 0.33125 0 0.3328125 0.052860083333333335 0.3390625 0.07263374444444444 0.35483307656249996 0.07777777777777778 0.36095950625 0.07777777777777778 0.3734375 0.0661111111111111 0.3734375 0.01888888888888889 0.365625 0.0018107 0.33125 0
0 0.7052083328125 0.9972222222222222 0.73805555625 0.9944444444444445 0.7382986109375 0.975 0.7307291671875 0.9555555555555556 0.7167361109375 0.95 0.715625 0.9138888888888889 0.6888541671875 0.9305555555555556 0.6875 0.9576388861111111 0.6875 0.9742337166666666 0.6928124999999999 0.9888888888888889 0.7052083328125 0.9972222222222222
0 0.609375 0.9652702249999999 0.609375 0.9824111777777778 0.613159721875 0.9916049388888889 0.653715278125 0.9966255138888889 0.6513194437500001 0.9383333333333334 0.6404166671875 0.9356995888888889 0.64055555625 0.9245884777777778 0.631743478125 0.9194444444444444 0.6309496046875 0.9194444444444444 0.61069444375 0.9388683138888889 0.609375 0.9652702249999999
0 0.48061342656250006 0.18055555555555555 0.48875 0.19969135833333335 0.5060300921875001 0.20456789999999997 0.52133101875 0.18450617222222224 0.521875 0.16869285555555555 0.521875 0.15247015277777778 0.512546296875 0.12648148055555555 0.5003812625 0.125 0.494851034375 0.125 0.48460648125 0.13870370277777777 0.48061342656250006 0.18055555555555555
0 0.3953125 0.8598047472222223 0.3953125 0.864420875 0.40592592656250004 0.8915226333333334 0.4184143515625 0.8941358027777778 0.43413194375 0.8717078194444444 0.43585648125 0.8327983527777778 0.4296643515625 0.8189917694444445 0.40849536718749996 0.8138888888888889 0.40770472187499995 0.8138888888888889 0.39680555625 0.8305349805555555 0.3953125 0.8598047472222223
0 0.552546296875 0.1638888888888889 0.5593171296875 0.18864197500000002 0.578240740625 0.19623456666666664 0.590509259375 0.18462963055555556 0.5921875 0.14425239166666667 0.5921875 0.13333762777777777 0.586408278125 0.11666666666666667 0.5698317296875001 0.11666666666666667 0.5536458328125 0.1416049388888889 0.552546296875 0.1638888888888889
0 0.2515625 0.8538106972222222 0.2515625 0.8601667805555555 0.258402778125 0.8773662555555556 0.27878472187500003 0.8707407416666666 0.29305555625 0.8533333333333333 0.29500000000000004 0.8226954722222222 0.285902778125 0.8009670777777778 0.2757922234375 0.8 0.26672786875 0.8 0.2576041671875 0.8163374472222222 0.2515625 0.8538106972222222
0 0.35717592656249997 0.8428600833333333 0.3498263890625 0.8204320999999999 0.340625 0.8118518527777777 0.321759259375 0.8169135805555555 0.3125 0.8325514416666667 0.3125 0.8486316861111111 0.3129629625 0.8639300416666666 0.32042824062499997 0.8808024694444444 0.3316868671875 0.8833333333333333 0.3352234203125 0.8833333333333333 0.3550925921875 0.8678189305555555 0.35717592656249997 0.8428600833333333
0 0.70625 0.32883511111111113 0.7178819437499999 0.34967078055555556 0.7382986109375 0.3408024694444445 0.751215278125 0.3071399166666667 0.7498958328125 0.28773662499999997 0.7402261828125 0.28055555555555556 0.716998128125 0.28055555555555556 0.70625 0.2969053111111111 0.70625 0.32883511111111113
0 0.625 0.145816175 0.6272916671875 0.19146090555555556 0.6443749999999999 0.19866255277777778 0.6601736109375 0.1837448555555556 0.665277778125 0.15010288055555554 0.66131138125 0.125 0.6383114046875 0.125 0.625 0.14140984166666665 0.625 0.145816175
0 0.5555208328125001 0.5916666666666667 0.565266203125 0.6135185194444445 0.577858796875 0.6185802472222222 0.5932523140625 0.604074075 0.596875 0.5718906694444444 0.596875 0.5665379722222222 0.5891550921875 0.5458641972222222 0.5742810859375 0.5416666666666666 0.5713315171875 0.5416666666666666 0.558090278125 0.5582098777777778 0.5555208328125001 0.5916666666666667
0 0.5546875 0.4192352416666667 0.5546875 0.42874997777777774 0.5603819437500001 0.44133744722222223 0.5759375 0.4488477361111111 0.5916550921875 0.43691358055555557 0.5950115734375 0.4089711944444444 0.590578703125 0.3786625527777778 0.5672129421875 0.375 0.5638325796875 0.375 0.5561111109375 0.3915843611111111 0.5546875 0.4192352416666667
0 0.2703125 0.38765432222222224 0.25179398124999997 0.40030864166666663 0.24756944375 0.42777777777777776 0.2573148140625 0.4506172833333333 0.2757338671875 0.4583333333333333 0.2823796828125 0.4583333333333333 0.290034721875 0.44722222222222224 0.2921875 0.4222440666666667 0.2921875 0.41573679166666666 0.28451388906249997 0.3969135805555556 0.2703125 0.38765432222222224
0 0.3992361109375 0.18611111111111112 0.41350694375 0.20185185277777778 0.43062500000000004 0.19516460833333332 0.4359375 0.18514777222222223 0.4359375 0.1677091888888889 0.43465277812499997 0.14207818888888887 0.419753571875 0.12222222222222222 0.40899305625000004 0.12222222222222222 0.4017361109375 0.13590534999999998 0.3992361109375 0.18611111111111112
0 0.331446759375 0.2972222222222222 0.3409143515625 0.319074075 0.355 0.324074075 0.367453703125 0.3124691361111111 0.371875 0.26864261111111115 0.371875 0.26769970833333334 0.365659721875 0.2569753083333333 0.34018950000000003 0.25 0.338893921875 0.25 0.332858796875 0.26104938333333333 0.331446759375 0.2972222222222222
0 0.19375 0.11944444444444445 0.186053240625 0.13333333333333333 0.200578703125 0.18888888888888888 0.2193518515625 0.19166666666666668 0.22709490781250002 0.18333333333333332 0.23125 0.14630120277777778 0.23125 0.1440077638888889 0.22350694375 0.12777777777777777 0.19375 0.11944444444444445
0 0.3375 0.9318930027777778 0.31895833281249997 0.9556584361111111 0.31774305625 0.9972222222222222 0.359375 0.9972222222222222 0.359375 0.9893090916666667 0.3563425921875 0.9442386833333334 0.3375 0.9318930027777778
0 0.54375 0.9972030166666667 0.5885763890625 0.9954320999999999 0.5842129625 0.9567283944444444 0.5764699078125 0.9487037027777778 0.576551696875 0.9388888888888889 0.555974234375 0.9388888888888889 0.54375 0.9607794888888889 0.54375 0.9972030166666667
0 0.70804398125 0.1583744861111111 0.7055671296875 0.19722222222222222 0.7182835515625 0.21666666666666667 0.7325686359375 0.21666666666666667 0.7484375 0.1683700138888889 0.7484375 0.16623232500000001 0.740625 0.14491769444444444 0.70804398125 0.1583744861111111
0 0.18913194375 0.8111111111111111 0.1815046296875 0.8333333333333334 0.1848148140625 0.8555555555555555 0.19738425937499998 0.8638888888888889 0.2234375 0.850206661111111 0.2234375 0.8110376916666666 0.215625 0.8027777777777778 0.18913194375 0.8111111111111111
0 0.403125 0.44029589166666666 0.403125 0.4420828305555556 0.4091666671875 0.46380658333333336 0.43100694375000004 0.4718518527777778 0.44356481406250003 0.4577983527777778 0.44524305625 0.43000000000000005 0.4190840859375 0.41388888888888886 0.407789209375 0.41388888888888886 0.404652778125 0.4222016472222222 0.403125 0.44029589166666666