0 0.2294328703125 0.28460905277777776 0.2 0.25327160555555556 0.18125 0.28293055833333336 0.18125 0.28578502222222224 0.1867824078125 0.3390534972222222 0.2147281453125 0.35555555555555557 0.21703687500000002 0.35555555555555557 0.23055555625 0.33742798333333335 0.2294328703125 0.28460905277777776
0 0.40625 0.9224279833333333 0.3908333328125 0.9472222222222222 0.39281168593750004 0.9972222222222222 0.43835246093749997 0.9972222222222222 0.44375 0.9825743555555555 0.44375 0.9527378166666667 0.4343981484375 0.9255761305555555 0.40625 0.9224279833333333
0 0.478125 0.0002469138888888889 0.47350694375 0.016728394444444444 0.472071759375 0.04722222222222222 0.4859719953125 0.075 0.5151870953125 0.075 0.5234375 0.058067661111111106 0.5234375 0.053752663888888885 0.5203125 0.0019135805555555556 0.478125 0.0002469138888888889
0 0.40625 0.00010288055555555556 0.405034721875 0.041666666666666664 0.41464120312499997 0.07006172777777778 0.43097775625 0.075 0.4404494609375 0.075 0.452071759375 0.06419753055555556 0.4578125 0.04355228611111111 0.4578125 0.038713513888888884 0.4546875 0.0032921805555555556 0.40625 0.00010288055555555556
0 0.23239583281249998 0.9527777777777777 0.22336805625 0.925 0.203125 0.9194444444444444 0.1904166671875 0.9361111111111111 0.178125 0.9678315416666666 0.178125 0.9837301555555555 0.17871527812500002 0.9972222222222222 0.219340278125 0.9972222222222222 0.2288888890625 0.9833333333333333 0.23239583281249998 0.9527777777777777
0 0.48125 0.9229629638888889 0.46755787031249996 0.9444444444444444 0.46839120312500004 0.9944444444444445 0.51700779375 0.9944444444444445 0.51875 0.9696237722222222 0.51875 0.9592736611111111 0.507858796875 0.9271399166666667 0.48125 0.9229629638888889
0 0.653125 0.5395884777777779 0.6375 0.5391769555555556 0.626678240625 0.5527777777777778 0.631875 0.6140123444444444 0.6649659671875 0.6222222222222222 0.67006944375 0.6222222222222222 0.675 0.6134567888888889 0.675 0.6064765833333333 0.6704976859375 0.562263375 0.653125 0.5395884777777779
0 0.246875 0.9875304638888889 0.246875 0.9972057611111111 0.2790625 0.996358025 0.29331018593749997 0.9737654333333334 0.293634259375 0.9348765444444445 0.283565603125 0.9222222222222223 0.2576955953125 0.9222222222222223 0.2498379625 0.9415843611111111 0.246875 0.9875304638888889
0 0.64524305625 0.92547325 0.6265625 0.9196707805555555 0.61069444375 0.9389094638888889 0.609375 0.9652853138888889 0.609375 0.9819547333333334 0.6177103765624999 0.9972222222222222 0.6537227375 0.9972222222222222 0.6543402781250001 0.9478189305555555 0.64524305625 0.92547325
0 0.1890625 0 0.20836805625000002 0.06740740833333334 0.22378539218750002 0.07222222222222222 0.229731571875 0.07222222222222222 0.24106481406250002 0.05481481388888888 0.24375 0.023494936111111107 0.24375 0.021314769444444444 0.2328125 0.0017283944444444446 0.1890625 0
0 0.33125 0 0.333715278125 0.05265432222222222 0.34128472187500003 0.07179012222222222 0.356840278125 0.07672839444444444 0.3710416671875 0.06506172777777779 0.3761111109375 0.03432098888888889 0.366024125 0 0.33125 0
0 0.4754629625 0.5611934166666667 0.4743634265625 0.5888888888888889 0.4841550921875 0.6143827166666667 0.4951743515625 0.6222222222222222 0.4994386421875 0.6222222222222222 0.5125 0.6165314638888889 0.5125 0.5464052777777778 0.4890625 0.5341563777777778 0.4754629625 0.5611934166666667
0 0.5577828109375 0 0.5517708328125 0.016666666666666666 0.5522222218749999 0.05277777777777778 0.56493055625 0.0692798361111111 0.577465278125 0.07189300277777778 0.59131944375 0.055041152777777776 0.5937257125000001 0 0.5577828109375 0
0 0.36366898124999997 0.9790534972222221 0.3577199078125 0.9427777777777777 0.34375 0.9312962972222222 0.3296643515625 0.9337037027777778 0.31851851875000003 0.9584156388888889 0.315625 0.9909714916666666 0.315625 0.9972222222222222 0.3576264734375 0.9972222222222222 0.36366898124999997 0.9790534972222221
0 0.4355324078125 0.8344032916666666 0.42957175937500003 0.8203497944444444 0.4078125 0.8142181083333333 0.3981481484375 0.8278600833333333 0.3953125 0.85254645 0.3953125 0.8635914722222222 0.40754985781249997 0.8944444444444445 0.417527078125 0.8944444444444445 0.43315972187499996 0.8732510277777777 0.4355324078125 0.8344032916666666
0 0.253125 0.8663461555555555 0.2593171296875 0.8777777777777778 0.2781828703125 0.8722222222222222 0.2925925921875 0.8555555555555555 0.2949074078125 0.8194444444444444 0.2828125 0.8 0.26875 0.8 0.253125 0.8394736833333334 0.253125 0.8663461555555555
0 0.3296875 0.809074075 0.3176504625 0.8306378611111112 0.3167824078125 0.8638888888888889 0.3293723359375 0.8861111111111111 0.33062352968750003 0.8861111111111111 0.35625 0.8668966194444445 0.35625 0.8265270416666667 0.3484953703125 0.8128395055555556 0.3296875 0.809074075
0 0.586215278125 0.9566666666666666 0.5765625 0.9397530861111111 0.5500925921875 0.9446090527777777 0.5441203703124999 0.9611111111111111 0.5447222218750001 0.9972222222222222 0.590625 0.9972222222222222 0.590625 0.9909076083333334 0.586215278125 0.9566666666666666
0 0.39887731406250004 0.17777777777777778 0.4068518515625 0.19691358055555558 0.41939814843749995 0.20197530833333335 0.4349074078125 0.1874691361111111 0.4359375 0.15209937777777777 0.4359375 0.14545912777777778 0.422483875 0.125 0.4061666921875 0.125 0.40018518593749997 0.14716049444444446 0.39887731406250004 0.17777777777777778
0 0.2915509265625 0.4224279833333333 0.284259259375 0.3969135805555556 0.265625 0.39012345555555555 0.24971064843750002 0.4029835388888889 0.246875 0.42038365 0.246875 0.42658531388888893 0.2611111109375 0.4565843611111111 0.2682635765625 0.4583333333333333 0.2784324359375 0.4583333333333333 0.2879050921875 0.44722222222222224 0.2915509265625 0.4224279833333333
0 0.48493055625 0.19166666666666668 0.49439814843749996 0.2025308638888889 0.5131249999999999 0.19925925833333333 0.5203125 0.18079817222222225 0.5203125 0.17665971388888888 0.5125231484375 0.1270370361111111 0.50060451875 0.125 0.4981776796875 0.125 0.4845370375 0.14444444444444443 0.48493055625 0.19166666666666668
0 0.5549189812499999 0.17222222222222222 0.5612268515625 0.18594650277777777 0.5706365734375 0.1940329222222222 0.5862384265625 0.18806584444444446 0.5921875 0.16643645833333334 0.5921875 0.16305263611111112 0.589097221875 0.12409464999999999 0.5744136921874999 0.11666666666666667 0.573065196875 0.11666666666666667 0.5563425921875 0.13884773611111112 0.5549189812499999 0.17222222222222222
0 0.1828125 0.840955063888889 0.1835416671875 0.8555144027777778 0.2179166671875 0.8546090527777779 0.22593749999999999 0.837736625 0.22621527812500003 0.8155144027777779 0.215590278125 0.7908024694444445 0.20584851093749998 0.7888888888888889 0.20286089999999998 0.7888888888888889 0.1828125 0.8295005166666667 0.1828125 0.840955063888889
0 0.575 0.5419135805555555 0.5594328703125 0.5555967083333333 0.5564583328125 0.5916666666666667 0.561203703125 0.6056172833333333 0.5750041109375 0.6166666666666667 0.5757013375 0.6166666666666667 0.592453703125 0.6060288055555555 0.5953125 0.58240875 0.5953125 0.5802224583333333 0.5890856484375 0.5476543222222222 0.575 0.5419135805555555
0 0.3328125 0.30128855 0.34131944375 0.3188271611111111 0.3647916671875 0.3145061722222222 0.37124999999999997 0.2974279833333333 0.36552083281250003 0.2561728388888889 0.3425400625 0.25 0.34033978125000003 0.25 0.3328125 0.263575775 0.3328125 0.30128855
0 0.2311574078125 0.14779835277777778 0.2234259265625 0.12825102777777778 0.1890625 0.125020575 0.1875 0.14598017777777778 0.1875 0.14749420277777778 0.19975694375 0.18349794166666666 0.21467101875 0.19166666666666668 0.21571815625 0.19166666666666668 0.22633101875 0.18106995833333334 0.2311574078125 0.14779835277777778
0 0.721875 0.28111111111111114 0.7080208328125 0.2972222222222222 0.70836805625 0.325 0.7208680546874999 0.3472222222222222 0.7342596015625 0.3472222222222222 0.75 0.32189334444444445 0.75 0.3184737416666667 0.743784721875 0.2847530861111111 0.721875 0.28111111111111114
0 0.7078125 0.19058480833333333 0.7078125 0.1947916277777778 0.718472221875 0.21360082222222224 0.730972221875 0.21327160555555555 0.74835648125 0.16559670833333334 0.7394609546875001 0.14722222222222223 0.7373937578125 0.14722222222222223 0.7093171296875 0.16106995833333335 0.7078125 0.19058480833333333
0 0.7111226859374999 0.9669753083333333 0.696875 0.9445679 0.687546296875 0.95 0.6877546296875 0.975 0.69726851875 0.9917901222222222 0.734809678125 0.9972222222222222 0.7395512703125 0.9972222222222222 0.740625 0.9823300361111111 0.740625 0.9778915305555556 0.7329513890625 0.9617078194444444 0.7111226859374999 0.9669753083333333
0 0.4078125 0.4083333333333333 0.41133101875 0.45572016388888886 0.4216620203125 0.4666666666666667 0.4238527453125 0.4666666666666667 0.44258101875 0.45736625555555555 0.44375 0.4330424138888889 0.44375 0.4293320222222222 0.434375 0.4097325111111111 0.4078125 0.4083333333333333
0 0.55788194375 0.3944855972222222 0.5565972218749999 0.42777777777777776 0.5644097218749999 0.44166666666666665 0.5671531187500001 0.44166666666666665 0.590625 0.4398286777777778 0.590625 0.4008002 0.575 0.38660493888888886 0.55788194375 0.3944855972222222
0 0.6265625 0.16111111111111112 0.634375 0.19115226388888887 0.6421875 0.19063786111111114 0.6640625 0.14475308611111112 0.655491071875 0.125 0.652159409375 0.125 0.6296875 0.14146090555555554 0.6265625 0.16111111111111112