0 0.4671875 0.13333333333333333 0.453125 0.13055555555555556 0.4484375 0.1527777777777778 0.4546875 0.1638888888888889 0.4671875 0.15 0.4671875 0.13333333333333333
0 0.2796875 0.9611111111111111 0.2640625 0.95 0.2625 0.9222222222222223 0.2515625 0.9361111111111111 0.246875 0.925 0.2515625 0.95 0.2328125 0.9722222222222222 0.2328125 0.9972222222222222 0.271875 0.9972222222222222 0.2796875 0.9805555555555555 0.2796875 0.9611111111111111
0 0.2625 0.21666666666666667 0.271875 0.19722222222222222 0.271875 0.17222222222222222 0.2640625 0.15555555555555556 0.2375 0.14444444444444443 0.2296875 0.15833333333333333 0.2375 0.2 0.2515625 0.21944444444444444 0.2625 0.21666666666666667
0 0.6859375 0.9972222222222222 0.703125 0.9972222222222222 0.7015625 0.9222222222222223 0.66875 0.9222222222222223 0.665625 0.9333333333333333 0.671875 0.9361111111111111 0.671875 0.9833333333333333 0.6859375 0.9972222222222222
0 0.325 0.2 0.3359375 0.1638888888888889 0.325 0.14166666666666666 0.2984375 0.12777777777777777 0.2921875 0.14444444444444443 0.290625 0.15833333333333333 0.3 0.19166666666666668 0.30625 0.2 0.325 0.2
0 0.771875 0.18055555555555555 0.7640625 0.14722222222222223 0.7515625 0.13055555555555556 0.728125 0.1527777777777778 0.7265625 0.17777777777777778 0.7359375 0.2 0.7625 0.2 0.771875 0.18055555555555555
0 0.340625 0.8111111111111111 0.315625 0.7972222222222223 0.30625 0.8166666666666667 0.30625 0.8722222222222222 0.33125 0.8722222222222222 0.3421875 0.8555555555555555 0.340625 0.8111111111111111
0 0.384375 0.2111111111111111 0.396875 0.18888888888888888 0.3984375 0.16111111111111112 0.3890625 0.15555555555555556 0.3875 0.14166666666666666 0.36875 0.13333333333333333 0.359375 0.14166666666666666 0.359375 0.18888888888888888 0.3703125 0.20833333333333334 0.384375 0.2111111111111111
0 0.475 0.5861111111111111 0.478125 0.5583333333333333 0.465625 0.5305555555555556 0.4546875 0.5305555555555556 0.446875 0.5194444444444445 0.4390625 0.5333333333333333 0.4375 0.575 0.4421875 0.5888888888888889 0.4640625 0.6 0.475 0.5861111111111111
0 0.65625 0 0.653125 0.025 0.6578125 0.058333333333333334 0.6484375 0.06666666666666667 0.6609375 0.06944444444444445 0.66875 0.09166666666666666 0.671875 0.06666666666666667 0.6875 0.05 0.6921875 0 0.65625 0
0 0.778125 0.7138888888888889 0.778125 0.6972222222222222 0.765625 0.6833333333333333 0.7625 0.6638888888888889 0.7546875 0.6555555555555556 0.734375 0.6583333333333333 0.734375 0.7083333333333334 0.740625 0.7222222222222222 0.75625 0.7277777777777777 0.778125 0.7138888888888889
0 0.41875 0.9638888888888889 0.40625 0.9527777777777777 0.403125 0.9361111111111111 0.3796875 0.9361111111111111 0.3734375 0.9611111111111111 0.3734375 0.9972222222222222 0.4140625 0.9972222222222222 0.41875 0.9888888888888889 0.41875 0.9638888888888889
0 0.69375 0.18888888888888888 0.7015625 0.1527777777777778 0.696875 0.13055555555555556 0.68125 0.12777777777777777 0.6609375 0.14444444444444443 0.6578125 0.16944444444444445 0.6625 0.19166666666666668 0.684375 0.20277777777777778 0.69375 0.18888888888888888
0 0.534375 0.3277777777777778 0.55625 0.2916666666666667 0.5453125 0.2777777777777778 0.5453125 0.26666666666666666 0.5328125 0.2638888888888889 0.5234375 0.25 0.50625 0.25 0.509375 0.2861111111111111 0.5171875 0.3194444444444444 0.534375 0.3277777777777778
0 0.2546875 0.8611111111111112 0.2625 0.8416666666666667 0.2625 0.8194444444444444 0.25 0.7972222222222223 0.2375 0.7944444444444444 0.2296875 0.8027777777777778 0.2203125 0.8333333333333334 0.221875 0.8638888888888889 0.2328125 0.8694444444444445 0.2546875 0.8611111111111112
0 0.553125 0.19722222222222222 0.5578125 0.1638888888888889 0.5453125 0.13333333333333333 0.5328125 0.13055555555555556 0.5203125 0.15 0.515625 0.16111111111111112 0.5203125 0.2 0.54375 0.2111111111111111 0.553125 0.19722222222222222
0 0.7125 0.85 0.7015625 0.8083333333333333 0.69375 0.7972222222222223 0.671875 0.8027777777777778 0.6703125 0.8416666666666667 0.678125 0.8694444444444445 0.709375 0.8722222222222222 0.7125 0.85
0 0.4140625 0.8555555555555555 0.4140625 0.8305555555555556 0.390625 0.8055555555555556 0.3796875 0.8055555555555556 0.375 0.8166666666666667 0.371875 0.85 0.3765625 0.8805555555555555 0.403125 0.8805555555555555 0.4140625 0.8555555555555555
0 0.6375 0.9611111111111111 0.621875 0.9305555555555556 0.6109375 0.925 0.59375 0.9444444444444444 0.59375 0.9861111111111112 0.5984375 0.9972222222222222 0.6375 0.9972222222222222 0.6375 0.9611111111111111
0 0.375 0 0.3671875 0.019444444444444445 0.3671875 0.05277777777777778 0.375 0.07222222222222222 0.4046875 0.07777777777777778 0.409375 0.06111111111111111 0.41875 0.06944444444444445 0.40625 0.044444444444444446 0.403125 0.019444444444444445 0.3890625 0 0.375 0
0 0.6375 0.8694444444444445 0.628125 0.8166666666666667 0.6078125 0.7972222222222223 0.59375 0.8055555555555556 0.590625 0.8388888888888889 0.596875 0.8638888888888889 0.6109375 0.8805555555555555 0.6375 0.8694444444444445
0 0.3484375 0.9944444444444445 0.35 0.9611111111111111 0.3421875 0.9305555555555556 0.321875 0.9222222222222223 0.3078125 0.9333333333333333 0.3109375 0.9416666666666667 0.3046875 0.9583333333333334 0.30625 0.9972222222222222 0.3484375 0.9944444444444445
0 0.5609375 0.9388888888888889 0.515625 0.9388888888888889 0.50625 0.9555555555555556 0.509375 0.9972222222222222 0.5625 0.9972222222222222 0.5609375 0.9388888888888889
0 0.6203125 0.08333333333333333 0.6328125 0.03888888888888889 0.6328125 0.002777777777777778 0.6015625 0 0.596875 0.008333333333333333 0.5859375 0.03611111111111111 0.5890625 0.06666666666666667 0.603125 0.08611111111111111 0.6203125 0.08333333333333333
0 0.29375 0 0.29375 0.022222222222222223 0.3015625 0.07777777777777778 0.3234375 0.09166666666666666 0.3390625 0.07222222222222222 0.3421875 0.04722222222222222 0.340625 0.03333333333333333 0.315625 0 0.29375 0
0 0.5265625 0.8833333333333333 0.5421875 0.9055555555555556 0.5609375 0.9027777777777778 0.559375 0.8333333333333334 0.546875 0.8138888888888889 0.525 0.8111111111111111 0.5109375 0.8333333333333334 0.5171875 0.8305555555555556 0.5140625 0.8388888888888889 0.5265625 0.8833333333333333
0 0.7515625 0 0.746875 0.016666666666666666 0.7359375 0.019444444444444445 0.728125 0.03611111111111111 0.73125 0.041666666666666664 0.725 0.05 0.728125 0.06666666666666667 0.7328125 0.06388888888888888 0.734375 0.08333333333333333 0.7546875 0.09166666666666666 0.7625 0.08611111111111111 0.765625 0.06111111111111111 0.778125 0.044444444444444446 0.7796875 0.016666666666666666 0.771875 0 0.7515625 0
0 0.7265625 0.9888888888888889 0.734375 0.9972222222222222 0.765625 0.9972222222222222 0.7734375 0.9833333333333333 0.775 0.975 0.7640625 0.9638888888888889 0.7609375 0.9388888888888889 0.7484375 0.9333333333333333 0.746875 0.9138888888888889 0.725 0.9166666666666666 0.7234375 0.9333333333333333 0.715625 0.9361111111111111 0.715625 0.9611111111111111 0.7265625 0.9888888888888889
0 0.496875 0.9388888888888889 0.4890625 0.9305555555555556 0.46875 0.9361111111111111 0.4671875 0.9222222222222223 0.4546875 0.925 0.45 0.9138888888888889 0.4421875 0.9333333333333333 0.4390625 0.9861111111111112 0.44375 0.9972222222222222 0.4921875 0.9972222222222222 0.496875 0.9388888888888889
0 0.228125 0 0.225 0.008333333333333333 0.2234375 0.03611111111111111 0.2375 0.075 0.2609375 0.10555555555555556 0.2671875 0.08888888888888889 0.278125 0.08611111111111111 0.278125 0.03333333333333333 0.2640625 0.030555555555555555 0.2625 0.016666666666666666 0.25 0 0.228125 0
0 0.44375 0 0.4453125 0.075 0.4609375 0.09166666666666666 0.465625 0.09166666666666666 0.4703125 0.075 0.48125 0.08888888888888889 0.4859375 0.075 0.496875 0.07777777777777778 0.4984375 0.016666666666666666 0.5078125 0.025 0.509375 0.06666666666666667 0.5171875 0.06388888888888888 0.5265625 0.075 0.5359375 0.06666666666666667 0.54375 0.075 0.5484375 0.058333333333333334 0.559375 0.058333333333333334 0.5609375 0 0.5048828125 0 0.5046875 0.011111111111111112 0.496875 0 0.49375 0.016666666666666666 0.4859375 0.016666666666666666 0.484375 0 0.44375 0