0 0.4375 0 0.4390625 0.05555555555555555 0.453125 0.08888888888888889 0.48125 0.08888888888888889 0.496875 0.058333333333333334 0.496875 0.03333333333333333 0.484375 0.011111111111111112 0.484375 0 0.4375 0
0 0.746875 0 0.746875 0.013888888888888888 0.734375 0.019444444444444445 0.725 0.03611111111111111 0.7265625 0.06944444444444445 0.7359375 0.09166666666666666 0.7609375 0.08888888888888889 0.765625 0.06111111111111111 0.778125 0.03611111111111111 0.778125 0.011111111111111112 0.771875 0 0.746875 0
0 0.5125 0 0.509375 0.011111111111111112 0.5078125 0.03611111111111111 0.5171875 0.06666666666666667 0.53125 0.07777777777777778 0.559375 0.06666666666666667 0.5609375 0 0.5125 0
0 0.3578125 0 0.359375 0.030555555555555555 0.3828125 0.08888888888888889 0.403125 0.08611111111111111 0.4125 0.06111111111111111 0.4109375 0.041666666666666664 0.39375 0 0.3578125 0
0 0.29375 0 0.29375 0.025 0.3 0.075 0.321875 0.09166666666666666 0.340625 0.06944444444444445 0.3421875 0.044444444444444446 0.3328125 0.016666666666666666 0.315625 0 0.29375 0
0 0.6203125 0.08333333333333333 0.63125 0.058333333333333334 0.6328125 0 0.59375 0.002777777777777778 0.5859375 0.03611111111111111 0.590625 0.06666666666666667 0.6015625 0.08611111111111111 0.6203125 0.08333333333333333
0 0.5328125 0.3388888888888889 0.5484375 0.3333333333333333 0.5578125 0.3055555555555556 0.5546875 0.2833333333333333 0.5234375 0.2361111111111111 0.5078125 0.24166666666666667 0.50625 0.25833333333333336 0.5140625 0.2777777777777778 0.5171875 0.31666666666666665 0.5328125 0.3388888888888889
0 0.475 0.5861111111111111 0.478125 0.5583333333333333 0.46875 0.5333333333333333 0.4421875 0.5083333333333333 0.4265625 0.5083333333333333 0.4265625 0.5388888888888889 0.44375 0.5916666666666667 0.4625 0.6 0.475 0.5861111111111111
0 0.7078125 0.9944444444444445 0.6984375 0.925 0.6734375 0.9111111111111111 0.665625 0.9111111111111111 0.659375 0.925 0.659375 0.9583333333333334 0.665625 0.9833333333333333 0.6859375 0.9972222222222222 0.7078125 0.9944444444444445
0 0.2234375 0 0.2234375 0.03333333333333333 0.234375 0.04722222222222222 0.2390625 0.075 0.2515625 0.09166666666666666 0.2625 0.09166666666666666 0.2671875 0.075 0.278125 0.075 0.278125 0.03888888888888889 0.2609375 0.030555555555555555 0.259375 0.019444444444444445 0.2515625 0.03333333333333333 0.25 0 0.2234375 0
0 0.728125 0.9888888888888889 0.7703125 0.9944444444444445 0.771875 0.9694444444444444 0.7578125 0.9527777777777777 0.759375 0.9361111111111111 0.7546875 0.9277777777777778 0.7390625 0.9111111111111111 0.725 0.9166666666666666 0.728125 0.925 0.71875 0.9388888888888889 0.71875 0.9638888888888889 0.728125 0.9888888888888889
0 0.4546875 0.2 0.4734375 0.2 0.48125 0.18888888888888888 0.4828125 0.15833333333333333 0.4765625 0.14166666666666666 0.45625 0.125 0.45 0.10833333333333334 0.43125 0.1111111111111111 0.43125 0.125 0.44375 0.15555555555555556 0.44375 0.18055555555555555 0.4546875 0.2
0 0.63125 0.8305555555555556 0.621875 0.8083333333333333 0.6015625 0.7972222222222223 0.5921875 0.7972222222222223 0.5859375 0.8083333333333333 0.596875 0.8638888888888889 0.61875 0.8833333333333333 0.63125 0.8694444444444445 0.63125 0.8305555555555556
0 0.65625 0 0.65 0.016666666666666666 0.6546875 0.027777777777777776 0.6484375 0.03611111111111111 0.6578125 0.07222222222222222 0.684375 0.07222222222222222 0.69375 0 0.65625 0
0 0.5578125 0.18333333333333332 0.55625 0.15833333333333333 0.5421875 0.12777777777777777 0.53125 0.13055555555555556 0.5171875 0.15555555555555556 0.515625 0.18333333333333332 0.5265625 0.20833333333333334 0.54375 0.2111111111111111 0.5578125 0.18333333333333332
0 0.3 0.18888888888888888 0.3140625 0.20277777777777778 0.3265625 0.2 0.3359375 0.17777777777777778 0.334375 0.15833333333333333 0.328125 0.15555555555555556 0.325 0.14166666666666666 0.2984375 0.12222222222222222 0.2859375 0.125 0.2859375 0.1388888888888889 0.29375 0.15 0.3 0.18888888888888888
0 0.5625 0.9916666666666667 0.5609375 0.9527777777777777 0.5453125 0.9305555555555556 0.5265625 0.9305555555555556 0.515625 0.9555555555555556 0.5203125 0.9694444444444444 0.5109375 0.9861111111111112 0.5171875 0.9916666666666667 0.5625 0.9916666666666667
0 0.6703125 0.2 0.6859375 0.2 0.7 0.18333333333333332 0.7015625 0.14166666666666666 0.696875 0.12777777777777777 0.6828125 0.12777777777777777 0.671875 0.1388888888888889 0.66875 0.15555555555555556 0.6578125 0.15555555555555556 0.6578125 0.18333333333333332 0.6703125 0.2
0 0.3875 0.20833333333333334 0.3984375 0.18611111111111112 0.3984375 0.15833333333333333 0.3890625 0.14166666666666666 0.3640625 0.13333333333333333 0.359375 0.1388888888888889 0.3609375 0.19444444444444445 0.375 0.2111111111111111 0.3875 0.20833333333333334
0 0.6328125 0.9888888888888889 0.6328125 0.9555555555555556 0.621875 0.9333333333333333 0.60625 0.9277777777777778 0.5921875 0.9555555555555556 0.5875 0.9722222222222222 0.6 0.9972222222222222 0.6296875 0.9972222222222222 0.6328125 0.9888888888888889
0 0.778125 0.6972222222222222 0.7625 0.6638888888888889 0.7453125 0.6472222222222223 0.7359375 0.6555555555555556 0.7375 0.7166666666666667 0.7578125 0.7277777777777777 0.778125 0.7138888888888889 0.778125 0.6972222222222222
0 0.5484375 0.8916666666666667 0.559375 0.8638888888888889 0.559375 0.8361111111111111 0.54375 0.8138888888888889 0.5296875 0.8138888888888889 0.5171875 0.8361111111111111 0.5171875 0.8472222222222222 0.5359375 0.8888888888888888 0.5484375 0.8916666666666667
0 0.2640625 0.21666666666666667 0.2734375 0.19444444444444445 0.2734375 0.17222222222222222 0.2671875 0.17222222222222222 0.2640625 0.15555555555555556 0.2390625 0.14166666666666666 0.2296875 0.15833333333333333 0.2390625 0.20555555555555555 0.2515625 0.21944444444444444 0.2640625 0.21666666666666667
0 0.409375 0.8638888888888889 0.4125 0.8361111111111111 0.4015625 0.8138888888888889 0.3765625 0.8055555555555556 0.375 0.8166666666666667 0.375 0.8722222222222222 0.3796875 0.8805555555555555 0.3921875 0.8833333333333333 0.409375 0.8638888888888889
0 0.3765625 0.9333333333333333 0.375 0.9944444444444445 0.4125 0.9972222222222222 0.415625 0.9416666666666667 0.3765625 0.9333333333333333
0 0.25625 0.8555555555555555 0.2625 0.8416666666666667 0.2625 0.8194444444444444 0.25 0.7972222222222223 0.2375 0.7944444444444444 0.228125 0.8083333333333333 0.2203125 0.8333333333333334 0.2203125 0.8555555555555555 0.225 0.8638888888888889 0.25625 0.8555555555555555
0 0.7109375 0.8444444444444444 0.7015625 0.8083333333333333 0.684375 0.7944444444444444 0.671875 0.7972222222222223 0.6734375 0.85 0.68125 0.8638888888888889 0.7078125 0.8694444444444445 0.7109375 0.8444444444444444
0 0.3125 0.8722222222222222 0.33125 0.8694444444444445 0.340625 0.8583333333333333 0.3421875 0.8222222222222222 0.3359375 0.8083333333333333 0.3125 0.8 0.30625 0.8166666666666667 0.3046875 0.825 0.3109375 0.8305555555555556 0.3046875 0.8555555555555555 0.3125 0.8722222222222222
0 0.3421875 0.9444444444444444 0.3296875 0.9333333333333333 0.3125 0.9333333333333333 0.3109375 0.9444444444444444 0.3109375 0.9972222222222222 0.346875 0.9916666666666667 0.35 0.9694444444444444 0.3421875 0.9444444444444444
0 0.4890625 0.9944444444444445 0.490625 0.975 0.4828125 0.9666666666666667 0.48125 0.9388888888888889 0.4671875 0.9277777777777778 0.465625 0.9361111111111111 0.453125 0.9305555555555556 0.4578125 0.9527777777777777 0.446875 0.9888888888888889 0.453125 0.9972222222222222 0.4890625 0.9944444444444445
0 0.246875 0.9944444444444445 0.2515625 0.9666666666666667 0.2578125 0.9694444444444444 0.259375 0.9805555555555555 0.2796875 0.9666666666666667 0.278125 0.9361111111111111 0.265625 0.9361111111111111 0.2625 0.9222222222222223 0.2515625 0.9194444444444444 0.25 0.95 0.234375 0.9694444444444444 0.2359375 0.9944444444444445 0.246875 0.9944444444444445
0 0.7625 0.14722222222222223 0.7359375 0.14166666666666666 0.7328125 0.15833333333333333 0.734375 0.2 0.74375 0.20555555555555555 0.7625 0.19444444444444445 0.7625 0.14722222222222223