0 0.22835648125 0.275 0.26140046250000004 0.33055555555555555 0.2754745375 0.3333333333333333 0.2879398140625 0.325 0.296875 0.3009051194444445 0.296875 0.2909904888888889 0.2954513890625 0.25277777777777777 0.28288194375 0.2361111111111111 0.2641203703125 0.23333333333333334 0.2484375 0.21944444444444444 0.2375 0.21944444444444444 0.22664351875 0.2388888888888889 0.22835648125 0.275
0 0.24375 0.5504016305555556 0.24375 0.556100125 0.2546296296875 0.6048971194444445 0.27664351875 0.5954115222222223 0.2942476859375 0.5695061722222222 0.2949421296875 0.5278395055555556 0.28103694687499997 0.5083333333333333 0.2654273828125 0.5083333333333333 0.256203703125 0.510452675 0.24375 0.5504016305555556
0 0.2515625 0.6697119333333333 0.23914351875 0.6889917694444444 0.23148148124999998 0.725 0.23948584374999998 0.775 0.23962930937500002 0.775 0.2796875 0.7425483111111111 0.2796875 0.6866809916666667 0.2625 0.6698559666666667 0.2515625 0.6697119333333333
0 0.314733796875 0.2638888888888889 0.33059027812499997 0.29125514444444445 0.347777778125 0.29080246944444443 0.3578125 0.26979448055555555 0.3578125 0.25098316111111113 0.35657407343749997 0.2211111111111111 0.3252389390625 0.18333333333333332 0.3233365125 0.18333333333333332 0.31424768593749997 0.20555555555555555 0.314733796875 0.2638888888888889
0 0.1785648140625 0.9694444444444444 0.178796296875 0.9972222222222222 0.217858796875 0.995679011111111 0.2302199078125 0.9785185194444443 0.23125 0.9489828944444445 0.23125 0.9418827166666668 0.22194444375 0.9232716055555555 0.2093981484375 0.9182098777777778 0.2084972109375 0.9166666666666666 0.2059661953125 0.9166666666666666 0.198483796875 0.9214197527777779 0.1785648140625 0.9694444444444444
0 0.6703125 0.002037036111111111 0.662109375 0.0017129638888888888 0.6375 0.0007407416666666666 0.6357986109375 0.011790122222222222 0.61875 0.032819380555555555 0.61875 0.05736776388888888 0.625625 0.07530864166666668 0.64561648125 0.08055555555555556 0.65114915 0.08055555555555556 0.66180555625 0.05728395 0.6703125 0.002037036111111111
0 0.3731134265625 0.02174897222222222 0.3640625 0.0018107 0.35546875 0.0013580250000000001 0.3296875 0 0.3319328703125 0.052942386111111114 0.3436261828125 0.075 0.3608111875 0.075 0.3725115734375 0.05786008333333334 0.3731134265625 0.02174897222222222
0 0.215671296875 0.7897942388888889 0.206296296875 0.7895473249999999 0.2046875 0.7867283944444444 0.19241898125 0.8002880666666666 0.181990740625 0.8305555555555556 0.1839236109375 0.8528189305555556 0.1961981265625 0.8638888888888889 0.198228971875 0.8638888888888889 0.21839120312500002 0.859279836111111 0.225972221875 0.8455967083333332 0.2265625 0.832739125 0.2265625 0.8184686694444445 0.22210648125 0.8010699583333333 0.215671296875 0.7897942388888889
0 0.6609375 0.36260043333333336 0.6609375 0.3642441694444445 0.67625 0.39362139999999995 0.695034721875 0.38430041111111113 0.7060995375 0.353168725 0.699965278125 0.3257201638888889 0.6869377828125 0.3194444444444444 0.674398640625 0.3194444444444444 0.665578703125 0.3303086416666667 0.6609375 0.36260043333333336
0 0.25024305625 0.8555555555555555 0.25656249999999997 0.8722222222222222 0.27997685156249996 0.8666666666666667 0.2908449078125 0.85 0.2921875 0.8214157638888889 0.2921875 0.8192810472222222 0.2796875 0.7972222222222223 0.2671875 0.7972222222222223 0.25171296249999997 0.8333333333333334 0.25024305625 0.8555555555555555
0 0.7046875 0.17222222222222222 0.7046875 0.19166666666666668 0.715625 0.21388888888888888 0.728125 0.21666666666666667 0.7390625 0.2 0.746875 0.175 0.746875 0.1527777777777778 0.740625 0.14444444444444443 0.73125 0.14444444444444443 0.7125 0.1527777777777778 0.7046875 0.17222222222222222
0 0.2015625 0.14526748888888888 0.19375 0.14485596666666667 0.1861458328125 0.16111111111111112 0.1894791671875 0.1779423861111111 0.1992013890625 0.20621399166666668 0.21427297343750001 0.21666666666666667 0.21772850625 0.21666666666666667 0.22881944375000002 0.20222222222222222 0.23125 0.17806069444444445 0.23125 0.1736952972222222 0.22513888906249999 0.15761316944444445 0.2015625 0.14526748888888888
0 0.625 0.17836956666666665 0.6384606484375001 0.19648148055555556 0.6509837968750001 0.19304526666666666 0.6604745375000001 0.17866255277777776 0.6654166671875 0.14786008333333334 0.661280046875 0.125 0.6456421578125 0.125 0.625 0.14429299722222222 0.625 0.17836956666666665
0 0.29006944375 0.43563786111111114 0.2888541671875 0.4077777777777778 0.278125 0.3905349805555555 0.265625 0.3898765444444445 0.246875 0.4108011166666667 0.246875 0.41593371944444446 0.24788194375 0.4334156388888889 0.264113575 0.4583333333333333 0.27266923125 0.4583333333333333 0.2804166671875 0.45736625555555555 0.29006944375 0.43563786111111114
0 0.435428240625 0.15761316944444445 0.4203125 0.12623456666666666 0.4078125 0.12557613055555555 0.396875 0.16174551666666667 0.396875 0.1723388277777778 0.3975115734375 0.1806378611111111 0.40630096718750003 0.2 0.4248124671875 0.2 0.43335648125 0.18808641944444446 0.435428240625 0.15761316944444445
0 0.5904513890625 0.40792181111111114 0.578125 0.39320987777777777 0.5640625 0.39228395 0.5546875 0.4132671638888889 0.5546875 0.43480558888888887 0.5632291671874999 0.45895061666666664 0.5717810812499999 0.4638888888888889 0.575594875 0.4638888888888889 0.59149305625 0.44969135833333335 0.5904513890625 0.40792181111111114