0 0.4578125 0.09769547222222222 0.48125 0.09522633611111112 0.496875 0.06487654444444445 0.496875 0.039876544444444446 0.484375 0.0063786 0.44375 0.005843622222222222 0.4421875 0.07526748888888889 0.4578125 0.09769547222222222
0 0.365625 0.040925925 0.3765625 0.07995884722222221 0.3875 0.08010288055555555 0.390625 0.09403292222222223 0.41875 0.08051440277777779 0.41875 0.03606995833333333 0.4046875 0.005329219444444444 0.375 0.004938272222222222 0.365625 0.021481480555555557 0.365625 0.040925925
0 0.278125 0.023106997222222224 0.26875 0.02298353888888889 0.2546875 0.0033539083333333332 0.2265625 0.011316872222222224 0.2265625 0.04742798333333333 0.2484375 0.08104938333333334 0.25 0.09495884722222221 0.271875 0.0924691361111111 0.2796875 0.08146090555555555 0.278125 0.023106997222222224
0 0.778125 0.01858024722222222 0.753125 0.009917694444444444 0.746875 0.029279836111111113 0.728125 0.04292181111111111 0.7234375 0.059526749999999996 0.7265625 0.0845679 0.734375 0.10133744722222222 0.7546875 0.10438271666666667 0.778125 0.054691358333333336 0.778125 0.01858024722222222
0 0.27973846406249997 1 0.28125 0.9731481472222222 0.2875 0.9676748972222222 0.284375 0.9343004111111111 0.278125 0.9231069972222221 0.2546875 0.920020575 0.2328125 0.9752880666666667 0.2328125 1 0.27973846406249997 1
0 0.49323303906250004 1 0.496875 0.9870987666666666 0.496875 0.9509876555555555 0.4890625 0.9369958861111111 0.459375 0.9338271611111111 0.4421875 0.9586008222222222 0.44364226562500003 1 0.49323303906250004 1
0 0.30625 0.09014403333333335 0.3234375 0.095925925 0.340625 0.07393004166666667 0.3421875 0.051728394444444444 0.3390625 0.03224279722222222 0.3171875 0.004176955555555555 0.2953125 0.0038888888888888888 0.296875 0.065020575 0.30625 0.09014403333333335
0 0.775 1 0.775 0.9796502055555556 0.7625 0.9655967083333334 0.759375 0.9322222222222223 0.74375 0.9236831277777778 0.721875 0.9539506166666666 0.71875 0.9733539083333332 0.726216559375 1 0.775 1
0 0.5670005421875 1 0.5609375 0.9379423861111111 0.5390625 0.9348765444444445 0.5171875 0.9484773666666666 0.5125 0.9623045277777778 0.5125 1 0.5670005421875 1
0 0.765625 0.8045267500000001 0.74375 0.8042386833333334 0.734375 0.8263374472222221 0.7390625 0.8902880666666667 0.7421875 0.8819958861111112 0.7640625 0.8878395055555556 0.778125 0.8741358027777778 0.778125 0.8408024694444445 0.765625 0.8045267500000001
0 0.2359375 0.8003292194444445 0.2203125 0.8390123444444444 0.225 0.8696296305555555 0.2609375 0.8617695472222222 0.271875 0.8424691361111111 0.26875 0.8146502055555556 0.25625 0.7978189305555555 0.2359375 0.8003292194444445
0 0.7097742703125001 1 0.7015625 0.9731275722222221 0.7 0.9369958861111111 0.684375 0.9256790111111111 0.6625 0.9531687249999999 0.6625 0.9837242805555555 0.669328384375 1 0.7097742703125001 1
0 0.3485943734375 1 0.3515625 0.9657407416666667 0.3453125 0.9351028805555556 0.3234375 0.934814813888889 0.3078125 0.9484979416666666 0.3062871734375 1 0.3485943734375 1
0 0.325 0.13483539166666667 0.296875 0.14557613055555554 0.2953125 0.1788888888888889 0.3046875 0.20401234444444447 0.321875 0.21257201666666667 0.3421875 0.18228394999999997 0.340625 0.15448559722222222 0.325 0.13483539166666667
0 0.5921875 0.007798352777777778 0.5921875 0.08002057500000001 0.6015625 0.08847736666666667 0.621875 0.0831893 0.63125 0.030534980555555553 0.628125 0.011049383333333333 0.5921875 0.007798352777777778
0 0.6828125 0.8062139916666666 0.6703125 0.8282716055555556 0.671875 0.8644032916666666 0.68125 0.8784156388888889 0.703125 0.8814814805555555 0.7171875 0.865 0.7 0.8036625527777778 0.6828125 0.8062139916666666
0 0.528125 0.048621399999999995 0.53125 0.08199588611111111 0.546875 0.08220164722222223 0.559375 0.06847736666666668 0.5609375 0.007386830555555556 0.51875 0.0068312749999999995 0.5171875 0.03458847777777778 0.528125 0.048621399999999995
0 0.53125 0.8153292194444445 0.521875 0.8374279833333332 0.5203125 0.8624074083333333 0.5296875 0.8903086416666668 0.5515625 0.8989300416666667 0.5609375 0.8712757194444445 0.5609375 0.8296090527777779 0.53125 0.8153292194444445
0 0.5328125 0.1347942388888889 0.5171875 0.16792181111111112 0.51875 0.20127571944444445 0.5328125 0.2181275722222222 0.54375 0.21827160555555555 0.559375 0.18792181111111111 0.54375 0.13493827222222224 0.5328125 0.1347942388888889
0 0.6375 1 0.6375 0.9611728388888889 0.621875 0.9415226333333333 0.6046875 0.9412962972222222 0.5953125 0.9578395055555556 0.596706909375 1 0.6375 1
0 0.76875 0.17401234444444444 0.7609375 0.15168724166666667 0.7359375 0.1374691361111111 0.7265625 0.17623456666666665 0.7359375 0.21802469166666666 0.746875 0.22372428055555554 0.7515625 0.20989711944444445 0.7640625 0.20728395 0.76875 0.17401234444444444
0 0.375 0.821604938888889 0.3765625 0.8855144027777778 0.390625 0.8912551444444444 0.4109375 0.8748559666666667 0.4109375 0.8193004111111111 0.384375 0.8133950611111112 0.375 0.821604938888889
0 0.603125 0.8079423861111111 0.5953125 0.8189506166666667 0.59375 0.8633744861111111 0.621875 0.8943004111111111 0.6296875 0.8749588472222223 0.63125 0.8305349805555555 0.6265625 0.8165843611111111 0.603125 0.8079423861111111
0 0.6875 0.13405349722222223 0.659375 0.15590535 0.6578125 0.18921810833333336 0.6734375 0.21164609166666667 0.684375 0.21179012222222224 0.7015625 0.16757201666666668 0.7 0.14532921944444446 0.6875 0.13405349722222223
0 0.30625 0.8734773666666666 0.340625 0.8739300416666668 0.340625 0.807263375 0.3171875 0.8013991777777778 0.30625 0.8206995888888888 0.30625 0.8734773666666666
0 0.271875 0.17024691388888888 0.246875 0.1476954722222222 0.234375 0.15308641944444445 0.23125 0.17804526666666665 0.2390625 0.20870370277777775 0.2515625 0.22275720277777777 0.2640625 0.22014403333333332 0.2734375 0.20082304444444443 0.271875 0.17024691388888888
0 0.3625 0.14366255277777779 0.3609375 0.19919753055555556 0.375 0.21604938333333332 0.39375 0.20518518611111114 0.396875 0.16078189166666668 0.375 0.13827160555555554 0.3625 0.14366255277777779
0 0.65625 0.011419752777777778 0.6515625 0.04469135833333334 0.6578125 0.06699588611111111 0.671875 0.08384773611111111 0.684375 0.08401234444444444 0.6859375 0.009032922222222222 0.65625 0.011419752777777778
0 0.446875 0.14755144166666667 0.4546875 0.20598765555555557 0.475 0.20625514444444445 0.48125 0.19522633611111112 0.4796875 0.14242798333333334 0.4546875 0.13098765555555555 0.446875 0.14755144166666667
0 0.48125 0.8118930027777778 0.459375 0.8088271611111111 0.4484375 0.8225720166666667 0.446875 0.8558847749999999 0.453125 0.8781893 0.465625 0.881131686111111 0.4703125 0.86452675 0.48125 0.8646707805555555 0.48125 0.8118930027777778
0 0.410601365625 1 0.403125 0.9414197527777778 0.3765625 0.9549588472222222 0.37507151875 1 0.410601365625 1
0 0.621875 0.19985596666666666 0.621875 0.1331893 0.59375 0.15781893055555557 0.5953125 0.19395061666666666 0.621875 0.19985596666666666