0 0.5082300765625 0 0.496909721875 0.002037036111111111 0.48350694375 0.05555555555555555 0.48708333281250005 0.09150205833333334 0.51538194375 0.10390946388888889 0.5265625 0.08297886111111111 0.5265625 0.05054713888888889 0.5251388890625 0.008888888888888889 0.5198717125 0 0.5082300765625 0
0 0.3296875 0 0.3332291671875 0.049917694444444445 0.34750000000000003 0.074547325 0.36 0.07421810833333334 0.37392361093750004 0.05718106944444444 0.375 0.02921865 0.375 0.023344680555555556 0.364470840625 0 0.3296875 0
0 0.3926273140625 0.1638888888888889 0.40060185156249994 0.18302469166666668 0.4178356484375 0.1879012333333333 0.42868055624999996 0.176358025 0.43125 0.14339050833333333 0.43125 0.13963243888888888 0.418796296875 0.11561728333333333 0.40608096250000003 0.1111111111111111 0.40445789374999996 0.1111111111111111 0.3954745375 0.1304321 0.3926273140625 0.1638888888888889
0 0.515152696875 0 0.4952893515625 0.005226336111111111 0.48417824062500003 0.047181069444444446 0.4828125 0.07801156111111111 0.4828125 0.08674421111111111 0.49020833281250004 0.09979423888888889 0.5151851859375001 0.10469135833333335 0.5261921296875001 0.087736625 0.5280324078125 0.021028805555555554 0.5191498046875 0 0.515152696875 0
0 0.33125 0 0.3364351859375 0.06372428055555555 0.35812499999999997 0.07425925833333333 0.37085648125000004 0.06004115277777778 0.3716898140625 0.010041152777777777 0.364666928125 0 0.33125 0
0 0.2640625 0.5094032916666666 0.25179398124999997 0.5198559666666667 0.24479166718749998 0.5583333333333333 0.2566550921875 0.6033539083333334 0.2638729125 0.6055555555555555 0.2692138171875 0.6055555555555555 0.2922453703125 0.5885802472222222 0.296875 0.5473556222222222 0.296875 0.5400472888888889 0.287615740625 0.5161934166666667 0.2640625 0.5094032916666666
0 0.1796875 0.9972094194444444 0.20996527812500002 0.9968107 0.2273958328125 0.9771399166666667 0.2308333328125 0.9520987666666667 0.2232986109375 0.9299794250000001 0.205251475 0.9194444444444444 0.204519878125 0.9194444444444444 0.1796875 0.9682169027777778 0.1796875 0.9972094194444444
0 0.48125 0.2668107 0.4704513890625 0.2833333333333333 0.47077546249999996 0.32222222222222224 0.478703703125 0.33621399166666666 0.496566103125 0.3388888888888889 0.49929908593750005 0.3388888888888889 0.506759259375 0.3282510277777778 0.5109375 0.29391375 0.5109375 0.2917891138888889 0.4984375 0.26703703611111107 0.48125 0.2668107
0 0.24862268593749998 0.43333333333333335 0.2659143515625 0.45788065833333336 0.2784143515625 0.4575514416666666 0.290625 0.435357625 0.290625 0.4097743277777778 0.2828240734375 0.39076131666666664 0.26897349375 0.3888888888888889 0.2652358140625 0.3888888888888889 0.24851851875 0.4083333333333333 0.24862268593749998 0.43333333333333335
0 0.2248611109375 0.8033333333333333 0.2046875 0.7863991777777778 0.1828125 0.8271312388888888 0.1828125 0.835029513888889 0.1837953125 0.8555555555555555 0.2199240375 0.8555555555555555 0.22612268593749998 0.8394650194444444 0.2248611109375 0.8033333333333333
0 0.2558449078125 0.8666666666666667 0.26375000000000004 0.8721193416666667 0.2899884265625 0.8523251027777778 0.2921875 0.8237613527777777 0.2921875 0.8182128222222222 0.282858796875 0.7996296305555556 0.266597878125 0.7972222222222223 0.26555695 0.7972222222222223 0.2550578703125 0.8194444444444444 0.2558449078125 0.8666666666666667
0 0.201215278125 0.2079629638888889 0.21851851875 0.21306584444444446 0.229108796875 0.1961111111111111 0.2296875 0.17974703333333333 0.2296875 0.1674749722222222 0.2219328703125 0.151831275 0.190476296875 0.15 0.18904579531250001 0.15 0.18622685156250002 0.1638888888888889 0.201215278125 0.2079629638888889
0 0.52523148125 0.15833333333333333 0.5254398140625 0.18333333333333332 0.5333449078125 0.19413580277777778 0.544097221875 0.17148148055555557 0.559375 0.18168166666666666 0.559375 0.17869299166666666 0.5531481484375 0.1322222222222222 0.5440096328124999 0.13055555555555556 0.5402077078125 0.13055555555555556 0.5329050921875 0.141358025 0.52523148125 0.15833333333333333
0 0.5663541671875 0.13333333333333333 0.57006944375 0.08611111111111111 0.565590278125 0.06944444444444445 0.55625 0.06666666666666667 0.540625 0.09117646944444445 0.540625 0.0929517138888889 0.5477430562500001 0.12222222222222222 0.5663541671875 0.13333333333333333
0 0.39506944375 0.13329218055555556 0.3921875 0.15638188888888888 0.3921875 0.1628439638888889 0.39913194375 0.18323045277777777 0.4257291671875 0.18010288055555554 0.42934027812500003 0.14117283888888887 0.4157784140625 0.11388888888888889 0.41415654062499996 0.11388888888888889 0.401527778125 0.11654321111111111 0.39506944375 0.13329218055555556
0 0.5492974890625 0.07300351944444444 0.5367445953125001 0.10128635833333333 0.542700971875 0.13388963055555556 0.5683523265625 0.14297956666666667 0.5796875 0.10808617777777776 0.5796875 0.10209781944444445 0.5706894671875 0.08226172777777778 0.5492974890625 0.07300351944444444
0 0.527033709375 0.1660403388888889 0.5342930953125 0.2040116361111111 0.549428075 0.20555555555555555 0.5628203875 0.20555555555555555 0.5671875 0.15044782777777777 0.5671875 0.1387928611111111 0.5425429687500001 0.13846832222222222 0.527033709375 0.1660403388888889